-40	6.18713e-169	5.7153e-85	5.40432e-85	1.43182e-202	9.2578e-102	-7.58125e-102
-39.7324	2.62605e-168	1.0307e-84	1.25048e-84	2.43752e-200	1.45281e-100	-5.71728e-101
-39.4649	6.66899e-168	1.07522e-84	2.34795e-84	4.03246e-198	2.00403e-99	-1.27784e-100
-39.1973	1.63447e-167	-5.05449e-87	4.04286e-84	6.4827e-196	2.46849e-98	6.2391e-99
-38.9298	5.00136e-167	-3.2764e-84	6.26728e-84	1.01276e-193	2.69831e-97	1.68722e-97
-38.6622	1.48939e-166	-9.12291e-84	8.10625e-84	1.53752e-191	2.5283e-96	2.99715e-96
-38.3946	2.71319e-166	-1.47245e-83	7.3829e-84	2.26829e-189	1.80853e-95	4.40592e-95
-38.1271	1.64172e-166	-1.26591e-83	1.98002e-84	3.25193e-187	4.45844e-95	5.68511e-94
-37.8595	3.64468e-167	1.71976e-84	-5.78698e-84	4.53051e-185	-1.55401e-93	6.54906e-93
-37.592	2.54587e-166	1.45183e-83	-6.61864e-84	6.13362e-183	-4.0549e-92	6.7003e-92
-37.3244	2.1731e-167	2.44796e-84	3.96718e-84	8.06958e-181	-6.78111e-91	5.89172e-91
-37.0569	2.86549e-166	-1.50014e-83	7.84268e-84	1.03169e-178	-9.33915e-90	3.99364e-90
-36.7893	6.25707e-167	4.13407e-84	-6.7439e-84	1.28177e-176	-1.12728e-88	1.04967e-89
-36.5217	1.16649e-166	1.07e-83	-1.46921e-84	1.54752e-174	-1.21445e-87	-2.69526e-88
-36.2542	2.80651e-166	-1.24233e-83	1.12389e-83	1.81563e-172	-1.16284e-86	-6.80759e-87
-35.9866	3.35479e-166	8.25707e-84	-1.63493e-83	2.07005e-170	-9.59382e-86	-1.07221e-85
-35.7191	1.96098e-166	-3.61242e-84	1.35295e-83	2.2935e-168	-6.15693e-85	-1.38363e-84
-35.4515	6.23444e-167	-1.37127e-84	-7.77586e-84	2.46934e-166	-1.68498e-84	-1.56235e-83
-35.1839	1.47459e-166	5.96904e-84	1.05749e-83	2.5836e-164	3.25331e-83	-1.57409e-82
-34.9164	1.42383e-165	-1.48738e-83	-3.46785e-83	2.62685e-162	7.98351e-82	-1.41049e-81
-34.6488	1.2542e-164	6.36086e-83	9.21732e-83	2.59543e-160	1.18479e-80	-1.09165e-80
-34.3813	9.94371e-164	-2.53215e-82	-1.87935e-82	2.49199e-158	1.43274e-79	-6.6275e-80
-34.1137	5.45557e-163	6.75966e-82	2.97703e-82	2.32514e-156	1.5135e-78	-1.85598e-79
-33.8462	7.93135e-163	-7.24253e-82	-5.1826e-82	2.10821e-154	1.42605e-77	2.7311e-78
-33.5786	3.23805e-161	-4.11677e-81	3.92845e-81	1.85756e-152	1.19577e-76	6.53978e-77
-33.311	2.7033e-159	3.5122e-80	-3.83373e-80	1.59051e-150	8.68004e-76	9.14922e-76
-33.0435	8.46941e-158	-1.86126e-79	2.23721e-79	1.32341e-148	4.98151e-75	1.03695e-74
-32.7759	1.588e-156	1.13076e-78	-5.56222e-79	1.07008e-146	1.40871e-74	1.02481e-73
-32.5084	7.23324e-155	-8.43623e-78	-1.07814e-78	8.40817e-145	-1.59323e-73	9.03014e-73
-32.2408	2.10783e-153	4.5237e-77	7.83882e-78	6.42024e-143	-3.7418e-72	7.08529e-72
-31.9732	7.41891e-153	-7.94988e-77	3.31489e-77	4.76392e-141	-4.93742e-71	4.82298e-71
-31.7057	2.35264e-150	-1.45252e-75	-4.92772e-76	3.43512e-139	-5.24541e-70	2.61474e-70
-31.4381	3.44281e-148	1.74422e-74	6.32865e-75	2.40704e-137	-4.85019e-69	7.38938e-70
-31.1706	8.1884e-147	-8.47626e-74	-3.16812e-74	1.63904e-135	-3.99676e-68	-6.4521e-69
-30.903	1.00899e-145	1.02623e-73	3.00613e-73	1.08457e-133	-2.93425e-67	-1.49528e-67
-30.6355	1.99229e-144	1.40819e-72	9.63037e-74	6.97414e-132	-1.87271e-66	-1.86202e-66
-30.3679	1.5079e-142	-6.90251e-72	-1.0156e-71	4.35801e-130	-9.58475e-66	-1.85454e-65
-30.1003	7.78573e-140	2.23161e-70	-1.67501e-70	2.64636e-128	-2.68443e-65	-1.60446e-64
-29.8328	7.69228e-138	-1.24054e-70	2.77072e-69	1.56161e-126	1.81142e-64	-1.23645e-63
-29.5652	4.53589e-136	-6.51361e-69	-2.02771e-68	8.95495e-125	4.17318e-63	-8.49318e-63
-29.2977	2.16609e-134	3.49023e-68	1.42978e-67	4.99018e-123	4.90718e-62	-5.08147e-62
-29.0301	9.54852e-133	1.86047e-67	-9.59291e-67	2.7023e-121	4.58276e-61	-2.45383e-61
-28.7625	4.13976e-131	-5.16764e-66	3.83316e-66	1.42205e-119	3.70983e-60	-6.76458e-61
-28.495	1.8196e-129	3.97058e-65	1.55899e-65	7.27208e-118	2.67362e-59	3.51939e-60
-28.2274	8.20613e-128	1.58262e-65	-2.86026e-64	3.61383e-116	1.71822e-58	8.13365e-59
-27.9599	3.80207e-126	-1.94734e-63	9.96799e-65	1.74518e-114	9.63563e-58	9.0373e-58
-27.6923	1.80135e-124	-4.15387e-64	1.3415e-62	8.18988e-113	4.38776e-57	7.91494e-57
-27.4247	8.66245e-123	8.94464e-62	2.57252e-62	3.73489e-111	1.18386e-56	5.99562e-56
-27.1572	4.19388e-121	4.05517e-61	-5.0492e-61	1.65517e-109	-4.72072e-56	4.0409e-55
-26.8896	2.0287e-119	-1.61879e-60	-4.20316e-60	7.12806e-108	-1.107e-54	2.42953e-54
-26.6221	9.7414e-118	-3.00549e-59	-8.41691e-60	2.98307e-106	-1.16305e-53	1.27687e-53
-26.3545	4.61892e-116	-1.82445e-58	1.13591e-58	1.21317e-104	-9.55426e-53	5.48022e-53
-26.087	2.15377e-114	-3.94094e-58	1.41367e-57	4.79448e-103	-6.77277e-52	1.44025e-52
-25.8194	9.84581e-113	3.80048e-57	9.16594e-57	1.84131e-101	-4.26887e-51	-4.35694e-52
-25.5518	4.40243e-111	5.54789e-56	3.63939e-56	6.87186e-100	-2.40107e-50	-1.05202e-50
-25.2843	1.92212e-109	4.38013e-55	1.88687e-56	2.49222e-98	-1.18248e-49	-1.04593e-49
-25.0167	8.18405e-108	2.58599e-54	-1.2234e-54	8.78342e-97	-4.78112e-49	-8.06071e-49
-24.7492	3.39514e-106	1.17351e-53	-1.42057e-53	3.00818e-95	-1.21895e-48	-5.34752e-48
-24.4816	1.37138e-104	3.38397e-53	-1.1211e-52	1.00117e-93	2.75328e-48	-3.15213e-47
-24.214	5.39073e-103	-4.9595e-53	-7.32539e-52	3.238e-92	6.9803e-47	-1.65854e-46
-23.9465	2.06146e-101	-1.75059e-51	-4.18927e-51	1.01767e-90	6.57271e-46	-7.65291e-46
-23.6789	7.66688e-100	-1.77322e-50	-2.12664e-50	3.10817e-89	4.75307e-45	-2.91377e-45
-23.4114	2.77264e-98	-1.37192e-49	-9.43655e-50	9.22498e-88	2.95115e-44	-7.18136e-45
-23.1438	9.74845e-97	-9.26632e-49	-3.40879e-49	2.66066e-86	1.62686e-43	1.18221e-44
-22.8763	3.33193e-95	-5.72842e-48	-7.10307e-49	7.45724e-85	8.00734e-43	3.2334e-43
-22.6087	1.10698e-93	-3.31454e-47	2.8904e-48	2.03109e-83	3.46137e-42	2.88615e-42
-22.3411	3.57466e-92	-1.81684e-46	5.23218e-47	5.37584e-82	1.24049e-41	1.95883e-41
-22.0736	1.12193e-90	-9.49812e-46	4.68815e-46	1.38269e-80	2.94661e-41	1.13836e-40
-21.806	3.42227e-89	-4.7518e-45	3.4122e-45	3.45597e-79	-3.40512e-41	5.86888e-40
-21.5385	1.01454e-87	-2.27677e-44	2.22749e-44	8.39418e-78	-1.04553e-39	2.70205e-39
-21.2709	2.92295e-86	-1.04288e-43	1.35475e-43	1.9813e-76	-8.85561e-39	1.09411e-38
-21.0033	8.18396e-85	-4.54317e-43	7.82299e-43	4.5445e-75	-5.64211e-38	3.6894e-38
-20.7358	2.22684e-83	-1.86236e-42	4.3359e-42	1.01295e-73	-3.06917e-37	8.42394e-38
-20.4682	5.88838e-82	-7.02906e-42	2.32256e-41	2.19407e-72	-1.47985e-36	-6.42205e-38
-20.2007	1.51314e-80	-2.32264e-41	1.20797e-40	4.61826e-71	-6.37295e-36	-2.35967e-36
-19.9331	3.77864e-79	-5.72463e-41	6.12035e-40	9.44647e-70	-2.41698e-35	-1.8986e-35
-19.6656	9.16989e-78	-9.66514e-42	3.02817e-39	1.8777e-68	-7.66584e-35	-1.1358e-34
-19.398	2.16254e-76	1.1869e-39	1.46576e-38	3.62698e-67	-1.67856e-34	-5.78379e-34
-19.1304	4.95601e-75	1.11603e-38	6.95087e-38	6.80815e-66	7.50945e-35	-2.60816e-33
-18.8629	1.10375e-73	7.65354e-38	3.23291e-37	1.24187e-64	3.71663e-33	-1.05059e-32
-18.5953	2.38876e-72	4.58187e-37	1.47608e-36	2.20135e-63	2.84418e-32	-3.7315e-32
-18.3278	5.02393e-71	2.53086e-36	6.62073e-36	3.79196e-62	1.59801e-31	-1.1128e-31
-18.0602	1.02679e-69	1.32189e-35	2.91899e-35	6.34751e-61	7.61822e-31	-2.33193e-31
-17.7926	2.03931e-68	6.61468e-35	1.26561e-34	1.03254e-59	3.21299e-30	4.56236e-32
-17.5251	3.93596e-67	3.19599e-34	5.39863e-34	1.6322e-58	1.21052e-29	4.08476e-30
-17.2575	7.38217e-66	1.49858e-33	2.26637e-33	2.5073e-57	4.02622e-29	2.97699e-29
-16.99	1.34549e-64	6.84289e-33	9.36613e-33	3.74284e-56	1.12861e-28	1.57133e-28
-16.7224	2.38311e-63	3.05038e-32	3.81134e-32	5.42951e-55	2.25926e-28	7.01362e-28
-16.4548	4.10178e-62	1.3299e-31	1.52746e-31	7.65393e-54	1.06957e-30	2.76657e-27
-16.1873	6.86064e-61	5.67859e-31	6.02992e-31	1.04851e-52	-3.13204e-27	9.7489e-27
-15.9197	1.11512e-59	2.3773e-30	2.34513e-30	1.3958e-51	-2.17714e-26	3.03612e-26
-15.6522	1.76133e-58	9.76614e-30	8.98643e-30	1.80567e-50	-1.07986e-25	7.99738e-26
-15.3846	2.7035e-57	3.93962e-29	3.39329e-29	2.26996e-49	-4.51314e-25	1.5268e-25
-15.1171	4.03252e-56	1.56142e-28	1.26272e-28	2.77307e-48	-1.66507e-24	2.49312e-26
-14.8495	5.84507e-55	6.08306e-28	4.63109e-28	3.29206e-47	-5.48767e-24	-1.67513e-24
-14.5819	8.23317e-54	2.33037e-27	1.67408e-27	3.79786e-46	-1.60011e-23	-1.11243e-23
-14.3144	1.12696e-52	8.78152e-27	5.96498e-27	4.25769e-45	-3.9595e-23	-5.18645e-23
-14.0468	1.49905e-51	3.25591e-26	2.09511e-26	4.63845e-44	-7.19857e-23	-2.02984e-22
-13.7793	1.93769e-50	1.18805e-25	7.2542e-26	4.91062e-43	-2.07095e-23	-7.00452e-22
-13.5117	2.43399e-49	4.26717e-25	2.47611e-25	5.052e-42	6.24793e-22	-2.15908e-21
-13.2441	2.9711e-48	1.50891e-24	8.33232e-25	5.05073e-41	3.97124e-21	-5.89377e-21
-12.9766	3.52435e-47	5.25377e-24	2.76431e-24	4.90692e-40	1.74092e-20	-1.36972e-20
-12.709	4.06261e-46	1.80142e-23	9.04157e-24	4.63263e-39	6.38103e-20	-2.36828e-20
-12.4415	4.55088e-45	6.08337e-23	2.91572e-23	4.25021e-38	2.0596e-19	-9.09753e-21
-12.1739	4.95392e-44	2.02349e-22	9.27046e-23	3.78929e-37	5.93744e-19	1.62471e-19
-11.9064	5.24043e-43	6.63014e-22	2.90614e-22	3.28298e-36	1.51723e-18	9.9045e-19
-11.6388	5.38703e-42	2.14014e-21	8.98247e-22	2.76403e-35	3.31077e-18	4.084e-18
-11.3712	5.3814e-41	6.80591e-21	2.73744e-21	2.26142e-34	5.43757e-18	1.40205e-17
-11.1037	5.22403e-40	2.13247e-20	8.22561e-21	1.79798e-33	2.48879e-18	4.23295e-17
-10.8361	4.9281e-39	6.58344e-20	2.43707e-20	1.38916e-32	-2.94467e-17	1.14125e-16
-10.5686	4.5177e-38	2.00271e-19	7.11949e-20	1.04299e-31	-1.72575e-16	2.72978e-16
-10.301	4.02457e-37	6.00335e-19	2.05074e-19	7.60986e-31	-6.69562e-16	5.59171e-16
-10.0334	3.48406e-36	1.77336e-18	5.82449e-19	5.39554e-30	-2.15318e-15	8.71404e-16
-9.76589	2.931e-35	5.1623e-18	1.63113e-18	3.71756e-29	-6.0808e-15	4.46605e-16
-9.49833	2.39613e-34	1.48096e-17	4.5041e-18	2.48911e-28	-1.53324e-14	-3.71846e-15
-9.23077	1.90356e-33	4.18709e-17	1.22635e-17	1.61955e-27	-3.43261e-14	-2.10064e-14
-8.96321	1.46957e-32	1.16669e-16	3.29236e-17	1.02402e-26	-6.5991e-14	-7.67163e-14
-8.69565	1.10249e-31	3.20395e-16	8.71543e-17	6.29198e-26	-9.74825e-14	-2.31121e-13
-8.42809	8.03757e-31	8.67183e-16	2.27488e-16	3.7569e-25	-5.3807e-14	-6.10569e-13
-8.16054	5.69428e-30	2.31333e-15	5.85487e-16	2.1799e-24	3.2702e-13	-1.43978e-12
-7.89298	3.92028e-29	6.08236e-15	1.48581e-15	1.22915e-23	1.78622e-12	-3.01678e-12
-7.62542	2.62276e-28	1.57624e-14	3.7179e-15	6.73504e-23	6.1429e-12	-5.44198e-12
-7.35786	1.70516e-27	4.02618e-14	9.17317e-15	3.58623e-22	1.73396e-11	-7.61327e-12
-7.0903	1.07729e-26	1.01365e-13	2.23166e-14	1.85567e-21	4.28515e-11	-4.40704e-12
-6.82274	6.61405e-26	2.51545e-13	5.35331e-14	9.33098e-21	9.44998e-11	2.00192e-11
-6.55518	3.94607e-25	6.15284e-13	1.2662e-13	4.5595e-20	1.85305e-10	1.06099e-10
-6.28763	2.28784e-24	1.48346e-12	2.95302e-13	2.16507e-19	3.13595e-10	3.43751e-10
-6.02007	1.289e-23	3.52546e-12	6.7907e-13	9.99055e-19	4.15139e-10	9.09238e-10
-5.75251	7.05735e-23	8.25849e-12	1.53973e-12	4.47993e-18	2.47222e-10	2.1021e-09
-5.48495	3.75487e-22	1.90693e-11	3.44238e-12	1.95217e-17	-8.52539e-10	4.3353e-09
-5.21739	1.94139e-21	4.34028e-11	7.58843e-12	8.26661e-17	-4.40212e-09	7.95534e-09
-4.94983	9.75425e-21	9.73766e-11	1.6494e-11	3.40174e-16	-1.3443e-08	1.26278e-08
-4.68227	4.76255e-20	2.15351e-10	3.53492e-11	1.36031e-15	-3.33238e-08	1.58063e-08
-4.41472	2.25969e-19	4.69456e-10	7.46983e-11	5.28617e-15	-7.20768e-08	9.54448e-09
-4.14716	1.04189e-18	1.00879e-09	1.55639e-10	1.99621e-14	-1.39015e-07	-2.52372e-08
-3.8796	4.6683e-18	2.13684e-09	3.19744e-10	7.32549e-14	-2.38703e-07	-1.27576e-07
-3.61204	2.03264e-17	4.46172e-09	6.47682e-10	2.61234e-13	-3.55334e-07	-3.67385e-07
-3.34448	8.60054e-17	9.18325e-09	1.29358e-09	9.0529e-13	-4.20255e-07	-8.53625e-07
-3.07692	3.53635e-16	1.86318e-08	2.54742e-09	3.04866e-12	-2.54433e-07	-1.72741e-06
-2.80936	1.41302e-15	3.72633e-08	4.94627e-09	9.97689e-12	5.18817e-07	-3.11572e-06
-2.54181	5.48662e-15	7.34639e-08	9.46948e-09	3.17282e-11	2.58231e-06	-5.00598e-06
-2.27425	2.07027e-14	1.4277e-07	1.78749e-08	9.80524e-11	7.01648e-06	-6.98724e-06
-2.00669	7.59121e-14	2.73506e-07	3.32683e-08	2.94467e-10	1.52832e-05	-7.80316e-06
-1.73913	2.70496e-13	5.16496e-07	6.10498e-08	8.59365e-10	2.89366e-05	-4.6943e-06
-1.47157	9.36641e-13	9.61478e-07	1.1046e-07	2.43715e-09	4.88101e-05	7.39772e-06
-1.20401	3.15174e-12	1.76434e-06	1.97056e-07	6.71664e-09	7.33757e-05	3.65056e-05
-0.936455	1.0306e-11	3.19153e-06	3.4661e-07	1.79881e-08	9.60148e-05	9.36444e-05
-0.668896	3.27488e-11	5.691e-06	6.01111e-07	4.68148e-08	0.000101189	0.000191248
-0.401338	1.01126e-10	1.00035e-05	1.02785e-06	1.18398e-07	6.00482e-05	0.00033881
-0.133779	3.03457e-10	1.73336e-05	1.73288e-06	2.90984e-07	-7.30462e-05	0.000534461
0.133779	8.849e-10	2.96075e-05	2.8805e-06	6.94959e-07	-0.000360407	0.000751708
0.401338	2.50758e-09	4.98527e-05	4.72091e-06	1.61292e-06	-0.000873383	0.000922019
0.668896	6.90526e-09	8.2747e-05	7.62856e-06	3.63772e-06	-0.00167266	0.000916472
0.936455	1.84786e-08	0.000135391	1.21539e-05	7.9728e-06	-0.0027728	0.000533255
1.20401	4.80531e-08	0.000218377	1.90919e-05	1.69807e-05	-0.00409051	-0.000498402
1.47157	1.21433e-07	0.000347216	2.95689e-05	3.51451e-05	-0.00538248	-0.00248475
1.73913	2.98207e-07	0.000544214	4.5152e-05	7.06867e-05	-0.00618751	-0.00569222
2.00669	7.11644e-07	0.000840846	6.79788e-05	0.000138158	-0.00579771	-0.0102247
2.27425	1.65033e-06	0.00128068	0.000100907	0.000262407	-0.00329095	-0.0158612
2.54181	3.71915e-06	0.00192285	0.000147681	0.000484329	0.00234288	-0.0218824
2.80936	8.14479e-06	0.00284594	0.000213097	0.0008687	0.0119617	-0.0269373
3.07692	1.73333e-05	0.00415227	0.000303167	0.00151413	0.0259243	-0.0290183
3.34448	3.58463e-05	0.00597206	0.000425241	0.0025646	0.0436837	-0.025619
3.61204	7.20399e-05	0.00846724	0.000588082	0.00422124	0.0634169	-0.0141258
3.8796	0.000140691	0.0118342	0.000801843	0.00675189	0.0818218	0.0075551
4.14716	0.000267006	0.0163047	0.00107792	0.0104948	0.0942244	0.0402064
4.41472	0.000492427	0.0221447	0.00142867	0.0158521	0.0951065	0.0825037
4.68227	0.000882523	0.0296486	0.00186691	0.0232682	0.0790784	0.130441
4.94983	0.001537	0.0391308	0.00240525	0.0331898	0.0421984	0.177226
5.21739	0.00260128	0.0509111	0.00305521	0.0460054	-0.016604	0.213845
5.48495	0.00427821	0.0652961	0.00382618	0.0619694	-0.0943507	0.230363
5.75251	0.00683758	0.0825546	0.00472425	0.0811166	-0.183474	0.217839
6.02007	0.0106196	0.102891	0.00575099	0.103183	-0.272227	0.170514
6.28763	0.0160278	0.126413	0.0069023	0.127546	-0.34618	0.0877816
6.55518	0.0235075	0.153104	0.00816744	0.153211	-0.390648	-0.0246059
6.82274	0.0335045	0.182794	0.00952837	0.178846	-0.393646	-0.154561
7.0903	0.0464047	0.215139	0.0109595	0.202877	-0.348702	-0.285103
7.35786	0.0624577	0.249606	0.012428	0.223639	-0.256851	-0.397073
7.62542	0.081691	0.285478	0.0138948	0.239568	-0.127212	-0.472636
7.89298	0.103831	0.321864	0.0153157	0.249387	0.0241204	-0.498803
8.16054	0.128245	0.357727	0.0166442	0.252279	0.176732	-0.470154
8.42809	0.153929	0.391933	0.0178329	0.248001	0.309563	-0.390092
8.69565	0.179542	0.423305	0.0188373	0.236913	0.404788	-0.270296
8.96321	0.203504	0.450687	0.0196178	0.219933	0.451027	-0.128479
9.23077	0.224153	0.473019	0.0201426	0.198406	0.445174	0.015023
9.49833	0.239927	0.489399	0.02039	0.173933	0.392482	0.141036
9.76589	0.249563	0.499148	0.0203494	0.148175	0.304986	0.234858
10.0334	0.252257	0.501852	0.0200225	0.122668	0.198723	0.288404
10.301	0.247782	0.497398	0.019423	0.0986847	0.0904596	0.300835
10.5686	0.236517	0.485975	0.0185758	0.0771496	-0.00531822	0.277707
10.8361	0.21939	0.468063	0.017515	0.0586114	-0.0785395	0.229004
11.1037	0.197759	0.444403	0.0162819	0.0432707	-0.124498	0.166646
11.3712	0.173229	0.41594	0.014922	0.0310434	-0.143611	0.102075
11.6388	0.147458	0.383765	0.0134829	0.0216426	-0.14025	0.044413
11.9064	0.121977	0.349046	0.0120106	0.0146627	-0.121088	-0.000552497
12.1739	0.0980514	0.312954	0.0105482	0.00965341	-0.0933929	-0.0305152
12.4415	0.0765937	0.276605	0.00913307	0.00617607	-0.0636377	-0.046112
12.709	0.0581428	0.241002	0.00779624	0.0038398	-0.0366324	-0.0499786
12.9766	0.0428907	0.206997	0.00656116	0.00231989	-0.015209	-0.045701
13.2441	0.0307464	0.175262	0.00544381	0.00136205	-0.000369888	-0.036904
13.5117	0.0214185	0.146283	0.00445299	0.000777104	0.00827057	-0.0266214
13.7793	0.0144993	0.12036	0.00359109	0.000430854	0.0119329	-0.0169841
14.0468	0.00953831	0.0976225	0.00285514	0.000232138	0.0121559	-0.00918536
14.3144	0.00609759	0.078055	0.00223796	0.000121542	0.0104087	-0.0036334
14.5819	0.003788	0.0615224	0.00172943	6.18399e-05	0.00786146	-0.000193494
14.8495	0.00228678	0.0478021	0.00131759	3.05757e-05	0.00530393	0.00156334
15.1171	0.00134154	0.0366136	0.00098964	1.46909e-05	0.00316799	0.00215748
15.3846	0.000764797	0.0276452	0.000732824	6.85935e-06	0.00160924	0.00206632
15.6522	0.000423694	0.0205769	0.000534989	3.11231e-06	0.000605653	0.00165695
15.9197	0.000228099	0.015098	0.000385046	1.37229e-06	4.59012e-05	0.00117055
16.1873	0.000119332	0.0109205	0.000273214	5.87994e-07	-0.000206045	0.000738606
16.4548	6.06676e-05	0.0077866	0.000191124	2.4483e-07	-0.000272524	0.000412989
16.7224	2.99723e-05	0.00547311	0.00013181	9.90648e-08	-0.000245475	0.000196994
16.99	1.43895e-05	0.00379229	8.96199e-05	3.89528e-08	-0.000184361	7.0453e-05
17.2575	6.71331e-06	0.00259031	6.00731e-05	1.48841e-08	-0.000121824	6.55786e-06
17.5251	3.04363e-06	0.00174415	3.96987e-05	5.52673e-09	-7.18916e-05	-1.89296e-05
17.7926	1.34094e-06	0.0011577	2.58638e-05	1.99425e-09	-3.7628e-05	-2.40497e-05
18.0602	5.74107e-07	0.000757516	1.66123e-05	6.99285e-10	-1.68499e-05	-2.03805e-05
18.3278	2.38858e-07	0.000488617	1.05192e-05	2.38283e-10	-5.72004e-06	-1.43375e-05
18.5953	9.65716e-08	0.00031069	6.56687e-06	7.89035e-11	-6.0679e-07	-8.86202e-06
18.8629	3.79423e-08	0.000194746	4.04158e-06	2.539e-11	1.21183e-06	-4.89096e-06
19.1304	1.44865e-08	0.000120335	2.45224e-06	7.93952e-12	1.48267e-06	-2.39608e-06
19.398	5.37483e-09	7.32985e-05	1.46687e-06	2.41262e-12	1.18254e-06	-1.00708e-06
19.6656	1.9379e-09	4.40131e-05	8.65046e-07	7.12439e-13	7.79328e-07	-3.24172e-07
19.9331	6.78986e-10	2.60525e-05	5.02925e-07	2.04442e-13	4.50598e-07	-3.74629e-08
20.2007	2.31183e-10	1.5202e-05	2.8826e-07	5.70108e-14	2.32574e-07	5.4037e-08
20.4682	7.64915e-11	8.74443e-06	1.62886e-07	1.54493e-14	1.06639e-07	6.3855e-08
20.7358	2.45944e-11	4.95844e-06	9.07397e-08	4.06839e-15	4.20591e-08	4.79523e-08
21.0033	7.68461e-12	2.77166e-06	4.98342e-08	1.04112e-15	1.28255e-08	2.96079e-08
21.2709	2.33331e-12	1.52728e-06	2.6982e-08	2.58907e-16	1.56691e-09	1.60141e-08
21.5385	6.88471e-13	8.29617e-07	1.44024e-08	6.25677e-17	-1.67758e-09	7.73003e-09
21.806	1.97408e-13	4.44241e-07	7.57903e-09	1.46933e-17	-1.92108e-09	3.31705e-09
22.0736	5.50055e-14	2.34499e-07	3.93193e-09	3.35317e-18	-1.3589e-09	1.22742e-09
22.3411	1.4894e-14	1.22024e-07	2.011e-09	7.43625e-19	-7.86203e-10	3.54272e-10
22.6087	3.91906e-15	6.25942e-08	1.01399e-09	1.60257e-19	-3.97807e-10	4.47901e-11
22.8763	1.00211e-15	3.16521e-08	5.04044e-10	3.35616e-20	-1.79578e-10	-3.62382e-11
23.1438	2.49008e-16	1.57781e-08	2.47011e-10	6.83019e-21	-7.21132e-11	-4.03717e-11
23.4114	6.01278e-17	7.75329e-09	1.19338e-10	1.35079e-21	-2.50305e-11	-2.69121e-11
23.6789	1.41092e-17	3.75579e-09	5.68401e-11	2.596e-22	-6.83286e-12	-1.45915e-11
23.9465	3.21729e-18	1.79348e-09	2.66897e-11	4.84828e-23	-8.79887e-13	-6.90714e-12
24.214	7.12926e-19	8.44259e-10	1.23551e-11	8.79901e-24	5.44292e-13	-2.91595e-12
24.4816	1.53519e-19	3.91774e-10	5.63844e-12	1.55183e-24	5.92612e-13	-1.09574e-12
24.7492	3.2125e-20	1.79217e-10	2.53679e-12	2.65961e-25	3.72464e-13	-3.56695e-13
25.0167	6.53265e-21	8.0817e-11	1.12518e-12	4.42952e-26	1.89279e-13	-9.20244e-14
25.2843	1.29092e-21	3.5926e-11	4.92009e-13	7.169e-27	8.38262e-14	-1.19233e-14
25.5518	2.47898e-22	1.57433e-11	2.12097e-13	1.12752e-27	3.30948e-14	5.67929e-15
25.8194	4.62605e-23	6.80091e-12	9.01377e-14	1.72327e-28	1.16367e-14	6.07583e-15
26.087	8.38903e-24	2.89614e-12	3.7765e-14	2.55946e-29	3.55207e-15	3.60242e-15
26.3545	1.47835e-24	1.21577e-12	1.55985e-14	3.69408e-30	8.65506e-16	1.71609e-15
26.6221	2.53167e-25	5.03117e-13	6.35168e-15	5.18117e-31	1.11747e-16	7.11077e-16
26.8896	4.21308e-26	2.05242e-13	2.54978e-15	7.06178e-32	-4.1121e-17	2.62539e-16
27.1572	6.81329e-27	8.25365e-14	1.00909e-15	9.35328e-33	-4.3507e-17	8.63737e-17
27.4247	1.07073e-27	3.27196e-14	3.93698e-16	1.20386e-33	-2.43484e-17	2.47188e-17
27.6923	1.63517e-28	1.27865e-14	1.51428e-16	1.50576e-34	-1.08746e-17	5.685e-18
27.9599	2.42668e-29	4.9258e-15	5.74198e-17	1.83019e-35	-4.21607e-18	7.25722e-19
28.2274	3.49966e-30	1.87062e-15	2.14647e-17	2.16174e-36	-1.45574e-18	-2.06304e-19
28.495	4.9046e-31	7.00284e-16	7.91036e-18	2.48126e-37	-4.48094e-19	-2.17573e-19
28.7625	6.67951e-32	2.58431e-16	2.87394e-18	2.76762e-38	-1.2021e-19	-1.15003e-19
29.0301	8.83994e-33	9.40153e-17	1.02936e-18	2.99988e-39	-2.60802e-20	-4.81633e-20
29.2977	1.13689e-33	3.37158e-17	3.63466e-19	3.15984e-40	-3.27065e-21	-1.74725e-20
29.5652	1.42086e-34	1.19193e-17	1.26523e-19	3.23438e-41	7.15788e-22	-5.64194e-21
29.8328	1.72563e-35	4.15385e-18	4.34193e-20	3.21722e-42	7.59829e-22	-1.62477e-21
30.1003	2.03662e-36	1.42703e-18	1.46894e-20	3.10981e-43	3.79581e-22	-4.08533e-22
30.3679	2.33579e-37	4.83276e-19	4.89929e-21	2.92113e-44	1.49091e-22	-8.35664e-23
30.6355	2.60329e-38	1.61339e-19	1.6109e-21	2.66645e-45	5.06121e-23	-1.02402e-23
30.903	2.81953e-39	5.30966e-20	5.2217e-22	2.36526e-46	1.52837e-23	1.71293e-24
31.1706	2.96752e-40	1.72257e-20	1.66864e-22	2.03886e-47	4.11767e-24	1.85294e-24
31.4381	3.03511e-41	5.50893e-21	5.25677e-23	1.70789e-48	9.70265e-25	8.75487e-25
31.7057	3.01661e-42	1.73676e-21	1.63261e-23	1.39027e-49	1.87032e-25	3.22561e-25
31.9732	2.91358e-43	5.39753e-22	4.99865e-24	1.09976e-50	2.22935e-26	1.02473e-25
32.2408	2.73464e-44	1.65361e-22	1.50879e-24	8.45404e-52	-2.81664e-27	2.89391e-26
32.5084	2.49423e-45	4.99403e-23	4.48963e-25	6.31529e-53	-3.15506e-27	7.29373e-27
32.7759	2.21074e-46	1.4868e-23	1.31704e-25	4.58444e-54	-1.41104e-27	1.61041e-27
33.0435	1.90415e-47	4.36349e-24	3.80883e-26	3.23403e-55	-4.87753e-28	2.92404e-28
33.311	1.59379e-48	1.26241e-24	1.0859e-26	2.217e-56	-1.45015e-28	3.37714e-29
33.5786	1.29635e-49	3.60036e-25	3.05208e-27	1.4769e-57	-3.82999e-29	-3.16457e-30
33.8462	1.02466e-50	1.01222e-25	8.45678e-28	9.5609e-59	-9.03e-30	-3.75074e-30
34.1137	7.87046e-52	2.80534e-26	2.31004e-28	6.01467e-60	-1.86796e-30	-1.58915e-30
34.3813	5.87468e-53	7.66439e-27	6.22069e-29	3.67696e-61	-3.19337e-31	-5.1548e-31
34.6488	4.26121e-54	2.0642e-27	1.65144e-29	2.18439e-62	-3.56179e-32	-1.43441e-31
34.9164	3.00362e-55	5.48036e-28	4.32206e-30	1.26106e-63	2.40772e-33	-3.54296e-32
35.1839	2.05741e-56	1.43433e-28	1.11512e-30	7.07462e-65	3.11278e-33	-7.81389e-33
35.4515	1.3695e-57	3.70057e-29	2.83635e-31	3.85688e-66	1.2506e-33	-1.51422e-33
35.7191	8.85862e-59	9.41175e-30	7.11215e-32	2.0433e-67	3.80755e-34	-2.43631e-34
35.9866	5.56845e-60	2.35969e-30	1.75811e-32	1.05195e-68	9.91704e-35	-2.61665e-35
36.2542	3.40147e-61	5.83205e-31	4.28444e-33	5.26281e-70	2.29083e-35	1.22144e-36
36.5217	2.01912e-62	1.42092e-31	1.02931e-33	2.55863e-71	4.72595e-36	1.80324e-36
36.7893	1.16472e-63	3.41272e-32	2.43782e-34	1.20881e-72	8.57839e-37	6.87696e-37
37.0569	6.529e-65	8.08002e-33	5.69193e-35	5.54978e-74	1.29852e-37	1.96561e-37
37.3244	3.5566e-66	1.88585e-33	1.31015e-35	2.47603e-75	1.33952e-38	4.79229e-38
37.592	1.88272e-67	4.33894e-34	2.97294e-36	1.0735e-76	-4.00692e-40	1.03532e-38
37.8595	9.68507e-69	9.84105e-35	6.65048e-37	4.52282e-78	-7.29088e-40	1.99781e-39
38.1271	4.84153e-70	2.2003e-35	1.46664e-37	1.85175e-79	-2.64233e-40	3.39641e-40
38.3946	2.35194e-71	4.84958e-36	3.18856e-38	7.36747e-81	-7.09199e-41	4.83512e-41
38.6622	1.11028e-72	1.05368e-36	6.83392e-39	2.84852e-82	-1.61865e-41	4.77998e-42
38.9298	5.09338e-74	2.25681e-37	1.44393e-39	1.07024e-83	-3.27051e-42	-7.88261e-44
39.1973	2.27061e-75	4.76499e-38	3.00764e-40	3.90761e-85	-5.90289e-43	-2.05717e-43
39.4649	9.83653e-77	9.91774e-39	6.176e-41	1.38645e-86	-9.39799e-44	-7.09384e-44
39.7324	4.141e-78	2.03491e-39	1.25023e-41	4.78035e-88	-1.25784e-44	-1.78835e-44
40	1.69408e-79	4.11584e-40	2.49502e-42	1.6017e-89	-1.18932e-45	-3.82132e-45
