-40	1.40761e-167	-2.72468e-85	-3.7419e-84	3.19314e-218	-1.57274e-109	-8.48311e-110
-39.7324	6.39857e-167	-8.03693e-85	-7.95863e-84	6.61681e-216	-2.31161e-108	-1.1284e-108
-39.4649	1.68788e-166	-1.97759e-84	-1.28405e-83	1.33243e-213	-3.34248e-107	-1.467e-107
-39.1973	3.30165e-166	-4.3926e-84	-1.76315e-83	2.60736e-211	-4.75504e-106	-1.86097e-106
-38.9298	4.76486e-166	-8.71724e-84	-2.00124e-83	4.95819e-209	-6.65576e-105	-2.29841e-105
-38.6622	4.9988e-166	-1.48232e-83	-1.67378e-83	9.1624e-207	-9.16695e-104	-2.75519e-104
-38.3946	4.48185e-166	-1.9929e-83	-7.14295e-84	1.64535e-204	-1.24238e-102	-3.19126e-103
-38.1271	3.21362e-166	-1.77151e-83	2.74565e-84	2.87127e-202	-1.65694e-101	-3.5471e-102
-37.8595	4.1448e-167	-3.90294e-84	5.12006e-84	4.86913e-200	-2.17467e-100	-3.74091e-101
-37.592	1.56698e-166	1.17445e-83	4.33182e-84	8.02404e-198	-2.80884e-99	-3.66698e-100
-37.3244	1.34701e-166	9.60769e-84	6.51103e-84	1.28499e-195	-3.5704e-98	-3.19613e-99
-37.0569	6.36558e-167	-5.03898e-84	-6.18583e-84	1.99972e-193	-4.46651e-97	-2.17879e-98
-36.7893	2.11427e-166	-4.61574e-84	-1.37885e-83	3.02415e-191	-5.49904e-96	-4.5116e-98
-36.5217	4.40461e-166	9.95779e-85	2.09635e-83	4.44427e-189	-6.66305e-95	2.15515e-96
-36.2542	1.39136e-166	1.19309e-84	-1.17351e-83	6.34691e-187	-7.94561e-94	5.80033e-95
-35.9866	1.90332e-167	2.1191e-84	3.81347e-84	8.80822e-185	-9.32492e-93	1.06209e-93
-35.7191	1.31992e-167	-3.49985e-84	-9.74795e-85	1.1879e-182	-1.07702e-91	1.67125e-92
-35.4515	1.47415e-167	2.09657e-84	-3.2165e-84	1.5568e-180	-1.22419e-90	2.41134e-91
-35.1839	1.39192e-166	-1.1899e-84	1.17378e-83	1.98267e-178	-1.36936e-89	3.2789e-90
-34.9164	6.09962e-166	2.47363e-84	-2.45732e-83	2.45375e-176	-1.50735e-88	4.26207e-89
-34.6488	1.9432e-165	-1.80261e-83	4.02276e-83	2.95105e-174	-1.63275e-87	5.34014e-88
-34.3813	2.15523e-164	1.28164e-82	-7.1599e-83	3.44894e-172	-1.74028e-86	6.48368e-87
-34.1137	5.71383e-163	-6.81839e-82	3.26312e-82	3.91705e-170	-1.82509e-85	7.65562e-86
-33.8462	1.05597e-161	2.458e-81	-2.12555e-81	4.32312e-168	-1.88319e-84	8.81309e-85
-33.5786	1.26364e-160	-3.85103e-81	1.05609e-80	4.63659e-166	-1.91168e-83	9.90989e-84
-33.311	1.43894e-159	-1.59506e-80	-3.44168e-80	4.83241e-164	-1.90903e-82	1.08996e-82
-33.0435	2.12634e-158	1.39486e-79	4.25104e-80	4.89433e-162	-1.87519e-81	1.17388e-81
-32.7759	2.91513e-157	-5.33955e-79	8.00305e-80	4.81711e-160	-1.81161e-80	1.23902e-80
-32.5084	5.8497e-156	-1.90774e-79	2.41108e-78	4.60727e-158	-1.72115e-79	1.28254e-79
-32.2408	2.04605e-153	2.94017e-77	-3.43743e-77	4.28218e-156	-1.60785e-78	1.3027e-78
-31.9732	1.3648e-151	-3.0535e-76	2.07945e-76	3.86768e-154	-1.47662e-77	1.29895e-77
-31.7057	3.7417e-150	1.23376e-75	-1.48981e-75	3.39469e-152	-1.33293e-76	1.272e-76
-31.4381	1.13804e-148	-2.60657e-75	1.03445e-74	2.89543e-150	-1.1824e-75	1.22367e-75
-31.1706	5.34881e-148	2.25229e-74	-5.25341e-75	2.39988e-148	-1.03044e-74	1.15675e-74
-30.903	8.91397e-146	-2.42028e-73	-1.7482e-73	1.933e-146	-8.81955e-74	1.07478e-73
-30.6355	3.08432e-144	-1.75284e-72	1.08893e-73	1.51299e-144	-7.41101e-73	9.81713e-73
-30.3679	1.68549e-141	3.71348e-71	-1.75069e-71	1.15081e-142	-6.11112e-72	8.81678e-72
-30.1003	1.87638e-140	-1.31769e-70	-3.74254e-71	8.50625e-141	-4.94245e-71	7.78683e-71
-29.8328	7.64193e-139	-7.34596e-70	4.73879e-70	6.10992e-139	-3.91792e-70	6.76381e-70
-29.5652	2.79921e-136	8.48303e-69	1.44208e-68	4.26478e-137	-3.0416e-69	5.77897e-69
-29.2977	1.41342e-134	8.13949e-69	-1.18608e-67	2.89282e-135	-2.31009e-68	4.85712e-68
-29.0301	8.44217e-134	2.2207e-67	1.87367e-67	1.90682e-133	-1.71417e-67	4.01619e-67
-28.7625	4.51963e-131	-2.40095e-66	6.27947e-66	1.22141e-131	-1.24054e-66	3.26729e-66
-28.495	2.0455e-130	1.02786e-65	-9.94481e-66	7.60291e-130	-8.73468e-66	2.61533e-65
-28.2274	1.56995e-127	2.06643e-64	-3.38074e-64	4.59897e-128	-5.96348e-65	2.05994e-64
-27.9599	5.30089e-126	-6.44111e-64	2.21043e-63	2.70337e-126	-3.92836e-64	1.59657e-63
-27.6923	9.80483e-125	9.82219e-63	-1.25414e-63	1.54424e-124	-2.47757e-63	1.21772e-62
-27.4247	9.95323e-123	5.52379e-62	-8.30783e-62	8.57209e-123	-1.47671e-62	9.14003e-62
-27.1572	1.05528e-120	8.7237e-61	5.42451e-61	4.62406e-121	-8.11643e-62	6.75143e-61
-26.8896	4.67274e-119	-6.64212e-60	-1.61544e-60	2.42395e-119	-3.89062e-61	4.90797e-60
-26.6221	1.53568e-117	2.59363e-59	2.93766e-59	1.23478e-117	-1.35493e-60	3.51133e-59
-26.3545	5.03755e-116	1.40027e-58	-1.75408e-58	6.11247e-116	4.8688e-61	2.47234e-58
-26.087	1.94677e-114	-4.7069e-58	-1.31348e-57	2.94042e-114	7.28676e-59	1.71322e-57
-25.8194	9.40226e-113	-5.79655e-57	-7.7732e-57	1.37457e-112	9.72513e-58	1.16838e-56
-25.5518	5.14472e-111	-1.57702e-56	-6.99716e-56	6.24433e-111	9.74078e-57	7.84184e-56
-25.2843	2.75901e-109	3.92562e-55	-3.48992e-55	2.75658e-109	8.57819e-56	5.17976e-55
-25.0167	1.35394e-107	2.32527e-54	2.85176e-54	1.18255e-107	6.98879e-55	3.36705e-54
-24.7492	6.0354e-106	-2.41678e-53	4.41075e-54	4.92982e-106	5.38974e-54	2.15391e-53
-24.4816	2.47916e-104	1.03453e-52	-1.18697e-52	1.99714e-104	3.98326e-53	1.3559e-52
-24.214	9.54875e-103	-3.67801e-52	9.05317e-52	7.86227e-103	2.84197e-52	8.39916e-52
-23.9465	3.49916e-101	2.06527e-51	-5.54313e-51	3.00782e-101	1.9669e-51	5.11952e-51
-23.6789	1.23316e-99	-1.97113e-50	2.90624e-50	1.1182e-99	1.32479e-50	3.07034e-50
-23.4114	4.21003e-98	1.80582e-49	-9.74191e-50	4.03973e-98	8.70409e-50	1.81166e-49
-23.1438	1.39885e-96	-1.15861e-48	-2.37664e-49	1.41824e-96	5.58808e-49	1.05165e-48
-22.8763	4.53567e-95	3.08145e-48	5.98843e-48	4.83848e-95	3.5102e-48	6.00527e-48
-22.6087	1.43705e-93	2.12759e-47	-3.1375e-47	1.6041e-93	2.1596e-47	3.37301e-47
-22.3411	4.45104e-92	-2.04003e-46	-5.37876e-47	5.16798e-92	1.30237e-46	1.86328e-46
-22.0736	1.3476e-90	-7.73679e-47	1.15828e-45	1.61798e-90	7.70375e-46	1.01218e-45
-21.806	3.98653e-89	6.31361e-45	5.98693e-47	4.92253e-89	4.472e-45	5.40616e-45
-21.5385	1.15164e-87	2.5204e-45	-3.38421e-44	1.45535e-87	2.54873e-44	2.83858e-44
-21.2709	3.24686e-86	-1.74562e-43	-4.46849e-44	4.18131e-86	1.42668e-43	1.46489e-43
-21.0033	8.92832e-85	-4.7657e-43	8.15913e-43	1.1674e-84	7.84592e-43	7.42844e-43
-20.7358	2.39328e-83	3.04195e-42	3.83136e-42	3.16732e-83	4.24022e-42	3.70051e-42
-20.4682	6.25055e-82	2.44268e-41	-5.32782e-42	8.3508e-82	2.25245e-41	1.81032e-41
-20.2007	1.58985e-80	3.9616e-41	-1.19704e-40	2.13958e-80	1.17633e-40	8.69376e-41
-19.9331	3.93679e-79	-3.77336e-40	-5.01294e-40	5.32711e-79	6.04063e-40	4.09656e-40
-19.6656	9.4873e-78	-3.07907e-39	-8.1459e-41	1.2889e-77	3.05052e-39	1.89297e-39
-19.398	2.22456e-76	-1.02597e-38	1.08256e-38	3.03047e-76	1.51516e-38	8.57186e-39
-19.1304	5.07398e-75	1.74536e-39	7.12105e-38	6.92415e-75	7.40256e-38	3.80047e-38
-18.8629	1.12559e-73	2.30245e-37	2.44022e-37	1.5374e-73	3.55783e-37	1.64797e-37
-18.5953	2.42815e-72	1.54514e-36	2.0172e-37	3.31718e-72	1.6823e-36	6.97887e-37
-18.3278	5.09308e-71	6.22421e-36	-3.49141e-36	6.95532e-71	7.82649e-36	2.88083e-36
-18.0602	1.0386e-69	1.42745e-35	-2.88937e-35	1.41719e-69	3.58263e-35	1.15615e-35
-17.7926	2.05897e-68	-1.49812e-35	-1.42707e-34	2.8061e-68	1.61373e-34	4.4943e-35
-17.5251	3.96781e-67	-3.72906e-34	-5.07663e-34	5.39937e-67	7.15272e-34	1.68294e-34
-17.2575	7.43238e-66	-2.46623e-33	-1.16194e-33	1.00959e-65	3.1199e-33	6.01785e-34
-16.99	1.3532e-64	-1.16285e-32	3.13894e-34	1.83448e-64	1.33922e-32	2.02414e-33
-16.7224	2.39463e-63	-4.37016e-32	2.20181e-32	3.23926e-63	5.65738e-32	6.218e-33
-16.4548	4.11853e-62	-1.29179e-31	1.56519e-31	5.55828e-62	2.352e-31	1.62387e-32
-16.1873	6.88435e-61	-2.44985e-31	7.92728e-31	9.26829e-61	9.62332e-31	2.73327e-32
-15.9197	1.11839e-59	2.2835e-31	3.33642e-30	1.50184e-59	3.87507e-30	-4.70565e-32
-15.6522	1.76572e-58	5.36624e-30	1.21563e-29	2.36489e-58	1.53568e-29	-8.09755e-31
-15.3846	2.70923e-57	3.52422e-29	3.83043e-29	3.61877e-57	5.98951e-29	-5.59954e-30
-15.1171	4.03979e-56	1.74729e-28	9.93367e-29	5.38117e-56	2.29901e-28	-3.09354e-29
-14.8495	5.85406e-55	7.46049e-28	1.69754e-28	7.77598e-55	8.68455e-28	-1.52918e-28
-14.5819	8.24399e-54	2.86709e-27	-1.5426e-28	1.09194e-53	3.22849e-27	-7.04451e-28
-14.3144	1.12823e-52	1.00942e-26	-3.30595e-27	1.49007e-52	1.1811e-26	-3.08347e-27
-14.0468	1.50049e-51	3.27068e-26	-2.07546e-26	1.97595e-51	4.25197e-26	-1.29624e-26
-13.7793	1.93929e-50	9.68759e-26	-1.0004e-25	2.54631e-50	1.50625e-25	-5.26798e-26
-13.5117	2.43572e-49	2.56042e-25	-4.21917e-25	3.18867e-49	5.25031e-25	-2.07869e-25
-13.2441	2.97291e-48	5.63513e-25	-1.62953e-24	3.88037e-48	1.80065e-24	-7.98769e-25
-12.9766	3.5262e-47	7.76441e-25	-5.8872e-24	4.58881e-47	6.07576e-24	-2.99554e-24
-12.709	4.06445e-46	-1.22162e-24	-2.01234e-23	5.2734e-46	2.01682e-23	-1.09811e-23
-12.4415	4.55266e-45	-1.62314e-23	-6.5492e-23	5.88905e-45	6.58549e-23	-3.93978e-23
-12.1739	4.9556e-44	-9.00312e-23	-2.03594e-22	6.39093e-44	2.11506e-22	-1.38472e-22
-11.9064	5.24197e-43	-3.97623e-22	-6.05057e-22	6.7398e-43	6.68065e-22	-4.77147e-22
-11.6388	5.3884e-42	-1.56272e-21	-1.71648e-21	6.90707e-42	2.075e-21	-1.6129e-21
-11.3712	5.38259e-41	-5.69297e-21	-4.62774e-21	6.87867e-41	6.33656e-21	-5.35113e-21
-11.1037	5.22503e-40	-1.96074e-20	-1.17496e-20	6.657e-40	1.90216e-20	-1.74321e-20
-10.8361	4.92892e-39	-6.45597e-20	-2.75856e-20	6.26062e-39	5.6119e-20	-5.57789e-20
-10.5686	4.51836e-38	-2.04634e-19	-5.75183e-20	5.72163e-38	1.6268e-19	-1.75362e-19
-10.301	4.02508e-37	-6.27299e-19	-9.48875e-20	5.08143e-37	4.63227e-19	-5.41816e-19
-10.0334	3.48444e-36	-1.86572e-18	-5.9416e-20	4.38548e-36	1.29522e-18	-1.64556e-18
-9.76589	2.93128e-35	-5.39631e-18	4.38947e-19	3.678e-35	3.55473e-18	-4.91364e-18
-9.49833	2.39633e-34	-1.5204e-17	2.91069e-18	2.99757e-34	9.57131e-18	-1.44273e-17
-9.23077	1.9037e-33	-4.17795e-17	1.25769e-17	2.37406e-33	2.52684e-17	-4.16602e-17
-8.96321	1.46966e-32	-1.12073e-16	4.62195e-17	1.82717e-32	6.5359e-17	-1.18321e-16
-8.69565	1.10255e-31	-2.93654e-16	1.54993e-16	1.36656e-31	1.65483e-16	-3.30562e-16
-8.42809	8.03797e-31	-7.5184e-16	4.884e-16	9.93214e-31	4.09646e-16	-9.08517e-16
-8.16054	5.69453e-30	-1.88119e-15	1.46821e-15	7.01489e-30	9.8993e-16	-2.45661e-15
-7.89298	3.92042e-29	-4.59968e-15	4.2482e-15	4.81463e-29	2.33048e-15	-6.53569e-15
-7.62542	2.62285e-28	-1.09868e-14	1.18985e-14	3.21122e-28	5.32966e-15	-1.7109e-14
-7.35786	1.70521e-27	-2.5622e-14	3.2384e-14	2.08132e-27	1.17922e-14	-4.40712e-14
-7.0903	1.07732e-26	-5.82837e-14	8.58849e-14	1.31091e-26	2.50879e-14	-1.11713e-13
-6.82274	6.6142e-26	-1.29146e-13	2.22404e-13	8.02364e-26	5.08157e-14	-2.78665e-13
-6.55518	3.94615e-25	-2.78193e-13	5.63226e-13	4.77237e-25	9.62864e-14	-6.8408e-13
-6.28763	2.28789e-24	-5.80868e-13	1.3966e-12	2.75842e-24	1.64646e-13	-1.65267e-12
-6.02007	1.28902e-23	-1.1705e-12	3.39413e-12	1.54935e-23	2.31153e-13	-3.92939e-12
-5.75251	7.05745e-23	-2.26071e-12	8.09096e-12	8.45675e-23	1.67556e-13	-9.19453e-12
-5.48495	3.75492e-22	-4.13727e-12	1.89308e-11	4.48561e-22	-4.72603e-13	-2.1174e-11
-5.21739	1.94141e-21	-7.02337e-12	4.34981e-11	2.31208e-21	-3.02029e-12	-4.79892e-11
-4.94983	9.75434e-21	-1.05589e-11	9.8198e-11	1.15811e-20	-1.11067e-11	-1.07041e-10
-4.68227	4.76259e-20	-1.22508e-11	2.17889e-10	5.63714e-20	-3.40548e-11	-2.34972e-10
-4.41472	2.25971e-19	-3.39484e-12	4.75351e-10	2.66644e-19	-9.47151e-11	-5.07616e-10
-4.14716	1.0419e-18	4.08628e-11	1.01992e-09	1.22566e-18	-2.47005e-10	-1.07919e-09
-3.8796	4.66833e-18	1.84449e-10	2.15274e-09	5.47485e-18	-6.1405e-10	-2.25783e-09
-3.61204	2.03265e-17	5.8098e-10	4.4709e-09	2.3765e-17	-1.46893e-09	-4.64836e-09
-3.34448	8.60058e-17	1.5815e-09	9.13809e-09	1.00246e-16	-3.40136e-09	-9.41683e-09
-3.07692	3.53636e-16	3.95657e-09	1.83843e-08	4.10923e-16	-7.65353e-09	-1.87709e-08
-2.80936	1.41302e-15	9.34101e-09	3.64111e-08	1.63689e-15	-1.67811e-08	-3.68141e-08
-2.54181	5.48664e-15	2.11007e-08	7.10028e-08	6.33636e-15	-3.59247e-08	-7.10336e-08
-2.27425	2.07027e-14	4.59799e-08	1.3634e-07	2.38356e-14	-7.52026e-08	-1.34834e-07
-2.00669	7.59123e-14	9.71568e-08	2.57823e-07	8.71314e-14	-1.54112e-07	-2.51755e-07
-1.73913	2.70496e-13	1.99779e-07	4.80192e-07	3.0952e-13	-3.09456e-07	-4.62338e-07
-1.47157	9.36643e-13	4.00769e-07	8.80924e-07	1.06848e-12	-6.09301e-07	-8.35003e-07
-1.20401	3.15174e-12	7.85799e-07	1.59194e-06	3.58432e-12	-1.17703e-06	-1.48287e-06
-0.936455	1.0306e-11	1.50804e-06	2.83405e-06	1.16846e-11	-2.23192e-06	-2.58903e-06
-0.668896	3.27489e-11	2.83578e-06	4.97064e-06	3.70153e-11	-4.15598e-06	-4.44333e-06
-0.401338	1.01127e-10	5.22959e-06	8.58941e-06	1.1395e-10	-7.60184e-06	-7.49414e-06
-0.133779	3.03458e-10	9.4646e-06	1.46246e-05	3.40888e-10	-1.36627e-05	-1.24184e-05
0.133779	8.84901e-10	1.682e-05	2.45355e-05	9.90999e-10	-2.41343e-05	-2.02123e-05
0.401338	2.50758e-09	2.93658e-05	4.05615e-05	2.79961e-09	-4.1908e-05	-3.23007e-05
0.668896	6.90526e-09	5.03876e-05	6.60784e-05	7.68577e-09	-7.1549e-05	-5.06608e-05
0.936455	1.84786e-08	8.49999e-05	0.000106083	2.05041e-08	-0.000120121	-7.79422e-05
1.20401	4.80531e-08	0.00014101	0.000167837	5.31566e-08	-0.000198337	-0.000117555
1.47157	1.21433e-07	0.000230104	0.000261697	1.33918e-07	-0.000322109	-0.000173676
1.73913	2.98207e-07	0.000369433	0.000402153	3.27856e-07	-0.000514594	-0.000251097
2.00669	7.11644e-07	0.000583666	0.00060908	7.79996e-07	-0.000808767	-0.000354813
2.27425	1.65033e-06	0.000907573	0.0009092	1.80329e-06	-0.00125058	-0.000489214
2.54181	3.71915e-06	0.00138915	0.00133769	4.05137e-06	-0.00190266	-0.000656706
2.80936	8.1448e-06	0.00209326	0.00193986	8.8451e-06	-0.00284834	-0.000855604
3.07692	1.73333e-05	0.00310565	0.00277276	1.87658e-05	-0.00419591	-0.00107709
3.34448	3.58464e-05	0.00453713	0.00390651	3.86898e-05	-0.0060825	-0.00130112
3.61204	7.20399e-05	0.00652751	0.00542509	7.75156e-05	-0.00867708	-0.00149126
3.8796	0.000140691	0.00924885	0.00742627	0.00015092	-0.0121818	-0.00158842
4.14716	0.000267007	0.0129072	0.0100205	0.00028554	-0.0168309	-0.00150401
4.41472	0.000492427	0.0177424	0.0133279	0.00052499	-0.0228856	-0.00111279
4.68227	0.000882523	0.0240244	0.0174743	0.000937993	-0.0306257	-0.000246479
4.94983	0.001537	0.0320462	0.0225841	0.00162859	-0.0403345	0.00131092
5.21739	0.00260128	0.042112	0.0287725	0.00274782	-0.05228	0.00382467
5.48495	0.00427821	0.0545205	0.0361349	0.00450536	-0.0666896	0.00760634
5.75251	0.00683758	0.0695435	0.0447357	0.0071785	-0.083722	0.0130049
6.02007	0.0106196	0.0874003	0.0545962	0.0111148	-0.103436	0.020391
6.28763	0.0160278	0.108229	0.0656833	0.0167238	-0.125761	0.0301338
6.55518	0.0235075	0.132058	0.0778994	0.0244529	-0.150468	0.0425707
6.82274	0.0335045	0.158776	0.0910757	0.0347449	-0.177156	0.0579719
7.0903	0.0464047	0.188112	0.104969	0.047975	-0.205238	0.0765012
7.35786	0.0624577	0.219621	0.119266	0.064373	-0.233953	0.098178
7.62542	0.081691	0.252677	0.133587	0.0839375	-0.262387	0.122844
7.89298	0.103831	0.286483	0.147507	0.106358	-0.289512	0.150137
8.16054	0.128245	0.320099	0.160567	0.130964	-0.314245	0.179483
8.42809	0.153929	0.352476	0.172307	0.15671	-0.335509	0.210104
8.69565	0.179542	0.38251	0.182285	0.182223	-0.352312	0.241039
8.96321	0.203504	0.4091	0.190109	0.20591	-0.363819	0.271193
9.23077	0.224153	0.431217	0.19546	0.226106	-0.369414	0.299399
9.49833	0.239927	0.44797	0.198116	0.241275	-0.368757	0.32449
9.76589	0.249563	0.458664	0.197964	0.250194	-0.36181	0.345379
10.0334	0.252257	0.462847	0.195012	0.252118	-0.34885	0.36114
10.301	0.247782	0.460343	0.189385	0.246886	-0.330444	0.371069
10.5686	0.236517	0.451266	0.181316	0.234937	-0.307414	0.374745
10.8361	0.21939	0.436008	0.171135	0.217256	-0.280773	0.372052
11.1037	0.197759	0.415213	0.159239	0.195234	-0.251651	0.363189
11.3712	0.173229	0.389732	0.146074	0.170492	-0.221217	0.348647
11.6388	0.147458	0.360565	0.132101	0.144682	-0.190602	0.32917
11.9064	0.121977	0.328795	0.117775	0.119314	-0.160831	0.305691
12.1739	0.0980514	0.295526	0.103517	0.0956159	-0.132767	0.279265
12.4415	0.0765937	0.261817	0.0896977	0.0744619	-0.10708	0.25099
12.709	0.0581428	0.22863	0.076624	0.056351	-0.0842267	0.221939
12.9766	0.0428907	0.196791	0.06453	0.0414413	-0.064457	0.193097
13.2441	0.0307464	0.166961	0.0535761	0.0296161	-0.0478299	0.165313
13.5117	0.0214185	0.139626	0.0438526	0.0205678	-0.0342434	0.139267
13.7793	0.0144993	0.115096	0.0353861	0.0138807	-0.0234715	0.115455
14.0468	0.00953831	0.0935194	0.0281503	0.0091033	-0.0152031	0.0941922
14.3144	0.00609759	0.0749011	0.0220775	0.00580163	-0.00907954	0.0756253
14.5819	0.003788	0.0591322	0.0170698	0.00359307	-0.00472751	0.0597555
14.8495	0.00228678	0.0460161	0.0130114	0.00216244	-0.00178581	0.0464678
15.1171	0.00134154	0.0352978	0.00977759	0.0012647	7.55894e-05	0.0355626
15.3846	0.000764797	0.0266895	0.0072436	0.000718779	0.00114346	0.0267857
15.6522	0.000423694	0.0198924	0.00529045	0.000396978	0.00165581	0.0198554
15.9197	0.000228099	0.0146147	0.00380929	0.00021306	0.00180155	0.014485
16.1873	0.000119332	0.010584	0.00270402	0.000111122	0.00172393	0.0103995
16.4548	6.06676e-05	0.00755558	0.00189231	5.63202e-05	0.00152634	0.00734782
16.7224	2.99723e-05	0.00531675	0.00130553	2.7739e-05	0.00127929	0.00510905
16.99	1.43895e-05	0.00368796	0.000887966	1.32764e-05	0.00102756	0.00349579
17.2575	6.71331e-06	0.00252166	0.000595416	6.175e-06	0.000796827	0.00235373
17.5251	3.04363e-06	0.00169962	0.000393603	2.79097e-06	0.000599392	0.00155939
17.7926	1.34094e-06	0.00112922	0.000256514	1.22585e-06	0.000438796	0.00101652
18.0602	5.74107e-07	0.000739557	0.000164808	5.23222e-07	0.000313351	0.000651945
18.3278	2.38858e-07	0.000477452	0.00010439	2.17018e-07	0.000218657	0.000411348
18.5953	9.65716e-08	0.000303846	6.51858e-05	8.74725e-08	0.000149289	0.000255314
18.8629	3.79423e-08	0.000190609	4.01293e-05	3.42618e-08	9.98315e-05	0.00015587
19.1304	1.44865e-08	0.00011787	2.43547e-05	1.30411e-08	6.54379e-05	9.35892e-05
19.398	5.37483e-09	7.18504e-05	1.4572e-05	4.82369e-09	4.20722e-05	5.52596e-05
19.6656	1.9379e-09	4.31742e-05	8.59544e-06	1.73385e-09	2.65457e-05	3.20807e-05
19.9331	6.78986e-10	2.55735e-05	4.99839e-06	6.05627e-10	1.64444e-05	1.83087e-05
20.2007	2.31183e-10	1.49322e-05	2.86553e-06	2.05572e-10	1.00051e-05	1.02698e-05
20.4682	7.64915e-11	8.59468e-06	1.61955e-06	6.78088e-11	5.98055e-06	5.66056e-06
20.7358	2.45944e-11	4.87648e-06	9.02392e-07	2.17357e-11	3.51308e-06	3.06496e-06
21.0033	7.68461e-12	2.72743e-06	4.95689e-07	6.77054e-12	2.02842e-06	1.62974e-06
21.2709	2.33331e-12	1.50375e-06	2.68433e-07	2.04945e-12	1.15142e-06	8.5069e-07
21.5385	6.88471e-13	8.17272e-07	1.43309e-07	6.0286e-13	6.42674e-07	4.35694e-07
21.806	1.97408e-13	4.37857e-07	7.54269e-08	1.72329e-13	3.52765e-07	2.18828e-07
22.0736	5.50055e-14	2.31244e-07	3.91372e-08	4.78702e-14	1.90447e-07	1.07704e-07
22.3411	1.4894e-14	1.20388e-07	2.002e-08	1.29222e-14	1.01135e-07	5.19027e-08
22.6087	3.91906e-15	6.17829e-08	1.0096e-08	3.38977e-15	5.28334e-08	2.44621e-08
22.8763	1.00211e-15	3.12557e-08	5.01938e-09	8.64108e-16	2.71538e-08	1.12595e-08
23.1438	2.49008e-16	1.5587e-08	2.46014e-09	2.14057e-16	1.37309e-08	5.05173e-09
23.4114	6.01278e-17	7.66255e-09	1.18872e-09	5.15295e-17	6.83184e-09	2.20352e-09
23.6789	1.41092e-17	3.71329e-09	5.66256e-10	1.20544e-17	3.3448e-09	9.30978e-10
23.9465	3.21729e-18	1.77386e-09	2.65923e-10	2.74032e-18	1.61145e-09	3.78886e-10
24.214	7.12926e-19	8.35326e-10	1.23115e-10	6.05367e-19	7.63994e-10	1.4724e-10
24.4816	1.53519e-19	3.87765e-10	5.61919e-11	1.29957e-19	3.56456e-10	5.3819e-11
24.7492	3.2125e-20	1.77442e-10	2.52842e-11	2.71111e-20	1.63672e-10	1.79632e-11
25.0167	6.53265e-21	8.00428e-11	1.12159e-11	5.49613e-21	7.39606e-11	5.09478e-12
25.2843	1.29092e-21	3.5593e-11	4.90488e-12	1.08276e-21	3.28921e-11	9.29078e-13
25.5518	2.47898e-22	1.56021e-11	2.11462e-12	2.07285e-22	1.43963e-11	-1.77069e-13
25.8194	4.62605e-23	6.74186e-12	8.98767e-13	3.8563e-23	6.20124e-12	-3.27958e-13
26.087	8.38902e-24	2.87179e-12	3.76592e-13	6.97167e-24	2.62889e-12	-2.46187e-13
26.3545	1.47835e-24	1.20588e-12	1.55562e-13	1.2248e-24	1.0968e-12	-1.47759e-13
26.6221	2.53167e-25	4.99153e-13	6.33499e-14	2.09103e-25	4.50337e-13	-7.9368e-14
26.8896	4.21308e-26	2.03676e-13	2.5433e-14	3.46911e-26	1.81968e-13	-3.97348e-14
27.1572	6.81329e-27	8.19266e-14	1.0066e-14	5.59293e-27	7.23577e-14	-1.89024e-14
27.4247	1.07073e-27	3.24854e-14	3.92758e-15	8.76245e-28	2.83135e-14	-8.63641e-15
27.6923	1.63517e-28	1.26978e-14	1.51078e-15	1.33406e-28	1.0902e-14	-3.81479e-15
27.9599	2.42668e-29	4.89271e-15	5.72911e-16	1.97373e-29	4.13045e-15	-1.63606e-15
28.2274	3.49966e-30	1.85844e-15	2.14181e-16	2.8377e-30	1.53973e-15	-6.83315e-16
28.495	4.9046e-31	6.95865e-16	7.89372e-17	3.96468e-31	5.64704e-16	-2.78527e-16
28.7625	6.67951e-32	2.56851e-16	2.86807e-17	5.38286e-32	2.03747e-16	-1.10977e-16
29.0301	8.83994e-33	9.3458e-17	1.02732e-17	7.10204e-33	7.2313e-17	-4.32767e-17
29.2977	1.13689e-33	3.35221e-17	3.62769e-18	9.10576e-34	2.52438e-17	-1.65327e-17
29.5652	1.42086e-34	1.18529e-17	1.26288e-18	1.13452e-34	8.66669e-18	-6.192e-18
29.8328	1.72563e-35	4.1314e-18	4.33411e-19	1.37365e-35	2.92588e-18	-2.27502e-18
30.1003	2.03662e-36	1.41955e-18	1.46637e-19	1.61622e-36	9.71169e-19	-8.20397e-19
30.3679	2.33579e-37	4.80819e-19	4.89098e-20	1.84795e-37	3.16877e-19	-2.90488e-19
30.6355	2.60329e-38	1.60544e-19	1.60825e-20	2.05326e-38	1.01614e-19	-1.0103e-19
30.903	2.81953e-39	5.28427e-20	5.21338e-21	2.21697e-39	3.2017e-20	-3.45237e-20
31.1706	2.96752e-40	1.71457e-20	1.66606e-21	2.32617e-40	9.90928e-21	-1.15941e-20
31.4381	3.03511e-41	5.48412e-21	5.24888e-22	2.37185e-41	3.01157e-21	-3.82739e-21
31.7057	3.01661e-42	1.72917e-21	1.63023e-22	2.35015e-42	8.98371e-22	-1.24221e-21
31.9732	2.91358e-43	5.37463e-22	4.99158e-23	2.26292e-43	2.62917e-22	-3.96442e-22
32.2408	2.73464e-44	1.6468e-22	1.50672e-23	2.11742e-44	7.54437e-23	-1.24428e-22
32.5084	2.49423e-45	4.97406e-23	4.48365e-24	1.92534e-45	2.12103e-23	-3.84117e-23
32.7759	2.21074e-46	1.48103e-23	1.31533e-24	1.70127e-46	5.837e-24	-1.16643e-23
33.0435	1.90415e-47	4.34705e-24	3.80405e-25	1.46084e-47	1.5705e-24	-3.48452e-24
33.311	1.59379e-48	1.25779e-24	1.08458e-25	1.21897e-48	4.12499e-25	-1.02412e-24
33.5786	1.29635e-49	3.58756e-25	3.04846e-26	9.88442e-50	1.05548e-25	-2.96148e-25
33.8462	1.02466e-50	1.00872e-25	8.44704e-27	7.78883e-51	2.62351e-26	-8.42647e-26
34.1137	7.87046e-52	2.79593e-26	2.30746e-27	5.96426e-52	6.30885e-27	-2.35929e-26
34.3813	5.87468e-53	7.63942e-27	6.21393e-28	4.43819e-53	1.45874e-27	-6.5003e-27
34.6488	4.26121e-54	2.05767e-27	1.6497e-28	3.20936e-54	3.21106e-28	-1.76246e-27
34.9164	3.00362e-55	5.4635e-28	4.31763e-29	2.25525e-55	6.6117e-29	-4.7027e-28
35.1839	2.05741e-56	1.43004e-28	1.11401e-29	1.54005e-56	1.22831e-29	-1.2349e-28
35.4515	1.3695e-57	3.68981e-29	2.83361e-30	1.02198e-57	1.87237e-30	-3.19135e-29
35.7191	8.85862e-59	9.38516e-30	7.10546e-31	6.59036e-59	1.46647e-31	-8.11678e-30
35.9866	5.56845e-60	2.35321e-30	1.7565e-31	4.12992e-60	-4.56652e-32	-2.03171e-30
36.2542	3.40147e-61	5.81648e-31	4.28063e-32	2.515e-61	-3.15786e-32	-5.00503e-31
36.5217	2.01912e-62	1.41723e-31	1.02842e-32	1.48833e-62	-1.261e-32	-1.21344e-31
36.7893	1.16472e-63	3.4041e-32	2.43577e-33	8.55901e-64	-4.20077e-33	-2.89526e-32
37.0569	6.529e-65	8.06018e-33	5.68727e-34	4.78313e-65	-1.26962e-33	-6.79848e-33
37.3244	3.5566e-66	1.88135e-33	1.30911e-34	2.59755e-66	-3.59832e-34	-1.57101e-33
37.592	1.88272e-67	4.32886e-34	2.97063e-35	1.37082e-67	-9.72205e-35	-3.57254e-34
37.8595	9.68507e-69	9.81881e-35	6.64547e-36	7.03009e-69	-2.52771e-35	-7.99447e-35
38.1271	4.84153e-70	2.19546e-35	1.46556e-36	3.50353e-70	-6.36151e-36	-1.76035e-35
38.3946	2.35194e-71	4.8392e-36	3.18629e-37	1.69673e-71	-1.5558e-36	-3.81403e-36
38.6622	1.11028e-72	1.05149e-36	6.82918e-38	7.98521e-73	-3.70768e-37	-8.13051e-37
38.9298	5.09338e-74	2.25223e-37	1.44296e-38	3.65193e-74	-8.62717e-38	-1.70518e-37
39.1973	2.27061e-75	4.7556e-38	3.00566e-39	1.62301e-75	-1.96292e-38	-3.51811e-38
39.4649	9.83653e-77	9.8987e-39	6.17204e-40	7.00949e-77	-4.37224e-39	-7.13992e-39
39.7324	4.141e-78	2.03111e-39	1.24945e-40	2.94181e-78	-9.54254e-40	-1.42521e-39
40	1.69408e-79	4.10836e-40	2.49351e-41	1.19979e-79	-2.04219e-40	-2.79775e-40
