-40	8.02443e-168	1.77847e-85	2.82715e-84	1.55409e-79	1.78199e-40	-3.51645e-40
-39.7324	3.33332e-167	5.80508e-85	5.74423e-84	3.80175e-78	9.16463e-40	-1.721e-39
-39.4649	7.3792e-167	1.56632e-84	8.44622e-84	9.0376e-77	4.63765e-39	-8.29869e-39
-39.1973	1.06035e-166	3.68016e-84	9.61722e-84	2.08779e-75	2.30946e-38	-3.94263e-38
-38.9298	9.98997e-167	7.40916e-84	6.70851e-84	4.6869e-74	1.1319e-37	-1.84546e-37
-38.6622	1.57221e-166	1.23026e-83	-2.4221e-84	1.02246e-72	5.46047e-37	-8.51056e-37
-38.3946	4.61903e-166	1.56132e-83	-1.47692e-83	2.16757e-71	2.59312e-36	-3.86671e-36
-38.1271	5.09645e-166	1.24513e-83	-1.88311e-83	4.46544e-70	1.21233e-35	-1.73081e-35
-37.8595	3.45025e-167	9.34892e-85	-5.79901e-84	8.9396e-69	5.5803e-35	-7.63258e-35
-37.592	1.5936e-166	-1.0018e-83	7.68109e-84	1.73915e-67	2.52909e-34	-3.3159e-34
-37.3244	4.79288e-167	-6.62083e-84	-2.02321e-84	3.2879e-66	1.12867e-33	-1.41916e-33
-37.0569	5.12567e-167	4.46279e-84	-5.59823e-84	6.04038e-65	4.96007e-33	-5.98343e-33
-36.7893	1.48936e-166	1.13447e-84	1.21511e-83	1.07839e-63	2.14661e-32	-2.48514e-32
-36.5217	9.97606e-167	-3.41863e-84	-9.38475e-84	1.87089e-62	9.14919e-32	-1.01677e-31
-36.2542	4.13516e-167	4.36653e-84	4.72071e-84	3.15418e-61	3.84056e-31	-4.09779e-31
-35.9866	1.37998e-167	-3.3481e-84	-1.60935e-84	5.16759e-60	1.58784e-30	-1.62676e-30
-35.7191	6.175e-169	7.83411e-85	-6.13709e-86	8.22723e-59	6.46596e-30	-6.3611e-30
-35.4515	1.36348e-167	3.69039e-84	-1.25763e-85	1.27287e-57	2.59353e-29	-2.44996e-29
-35.1839	9.81218e-167	-9.61089e-84	2.39847e-84	1.91371e-56	1.02469e-28	-9.29369e-29
-34.9164	2.59146e-166	1.58191e-83	-2.98363e-84	2.79599e-55	3.98795e-28	-3.47219e-28
-34.6488	1.24069e-165	-3.35268e-83	-1.08003e-83	3.96969e-54	1.52889e-27	-1.27758e-27
-34.3813	2.19006e-164	1.30861e-82	6.91096e-83	5.47699e-53	5.77403e-27	-4.62931e-27
-34.1137	5.05632e-163	-6.45004e-82	-2.99337e-82	7.34331e-52	2.14818e-26	-1.65186e-26
-33.8462	1.11534e-161	3.21438e-81	9.06173e-82	9.56765e-51	7.87337e-26	-5.80401e-26
-33.5786	2.01957e-160	-1.41513e-80	1.30332e-81	1.21139e-49	2.84287e-25	-2.00798e-25
-33.311	4.41913e-159	5.27197e-80	-4.0494e-80	1.49047e-48	1.01127e-24	-6.83966e-25
-33.0435	1.47666e-157	-1.73666e-79	3.42792e-79	1.78209e-47	3.54404e-24	-2.29362e-24
-32.7759	4.64445e-156	3.46437e-79	-2.12707e-78	2.07061e-46	1.22365e-23	-7.57158e-24
-32.5084	1.05405e-154	2.49428e-78	9.95909e-78	2.33794e-45	4.16249e-23	-2.46029e-23
-32.2408	2.39286e-153	-3.56983e-77	-3.34439e-77	2.56525e-44	1.39505e-22	-7.86826e-23
-31.9732	4.38061e-152	2.04926e-76	-4.25617e-77	2.73521e-43	4.6065e-22	-2.47635e-22
-31.7057	2.59585e-150	-4.87596e-76	1.53561e-75	2.83411e-42	1.49867e-21	-7.66883e-22
-31.4381	8.16709e-149	3.49234e-77	-9.03713e-75	2.85368e-41	4.80391e-21	-2.3365e-21
-31.1706	2.35354e-148	-1.52242e-74	-1.89112e-75	2.79228e-40	1.51721e-20	-7.00247e-21
-30.903	2.41393e-146	-2.81295e-74	1.52801e-73	2.65507e-39	4.72132e-20	-2.06395e-20
-30.6355	3.87314e-144	7.88299e-73	1.80325e-72	2.45334e-38	1.4476e-19	-5.98156e-20
-30.3679	1.37182e-141	-3.16531e-71	-1.92329e-71	2.20294e-37	4.37328e-19	-1.70406e-19
-30.1003	8.21256e-140	8.85758e-71	2.72543e-70	1.92226e-36	1.30179e-18	-4.77068e-19
-29.8328	8.55131e-139	3.82419e-70	-8.41954e-70	1.62999e-35	3.81817e-18	-1.31204e-18
-29.5652	3.39219e-136	-1.83841e-68	1.11515e-69	1.34314e-34	1.10345e-17	-3.54322e-18
-29.2977	9.41277e-135	9.32484e-68	-2.67863e-68	1.07553e-33	3.14219e-17	-9.39111e-18
-29.0301	4.63587e-134	-1.25504e-67	-1.7495e-67	8.36927e-33	8.8166e-17	-2.44137e-17
-28.7625	4.40129e-131	-6.13885e-66	-2.51544e-66	6.32873e-32	2.43758e-16	-6.22038e-17
-28.495	3.16323e-129	5.24096e-65	-2.04074e-65	4.65061e-31	6.64062e-16	-1.55185e-16
-28.2274	1.00139e-127	-3.16034e-64	1.61663e-65	3.32098e-30	1.78259e-15	-3.78618e-16
-27.9599	2.84582e-126	7.14765e-64	1.52805e-63	2.30456e-29	4.71509e-15	-9.01936e-16
-27.6923	1.00452e-124	9.99982e-63	-6.75037e-64	1.55408e-28	1.22892e-14	-2.09335e-15
-27.4247	5.8982e-123	6.75204e-62	-3.6595e-62	1.01841e-27	3.15615e-14	-4.71962e-15
-27.1572	4.84031e-121	6.9572e-61	-2.13363e-63	6.48535e-27	7.98713e-14	-1.02922e-14
-26.8896	3.5685e-119	1.58704e-60	5.75902e-60	4.01338e-26	1.9917e-13	-2.15682e-14
-26.6221	2.14993e-117	-4.62202e-59	-3.69112e-60	2.41352e-25	4.89393e-13	-4.29743e-14
-26.3545	1.10428e-115	2.62847e-58	-2.0332e-58	1.41044e-24	1.18493e-12	-7.98706e-14
-26.087	5.08676e-114	-1.22696e-57	1.89244e-57	8.00984e-24	2.82704e-12	-1.33025e-13
-25.8194	2.18149e-112	8.1043e-57	-1.23479e-56	4.42035e-23	6.64619e-12	-1.77739e-13
-25.5518	8.92769e-111	-7.31491e-56	5.98071e-56	2.37057e-22	1.53963e-11	-9.93561e-14
-25.2843	3.54037e-109	5.90964e-55	-6.9271e-56	1.23542e-21	3.51451e-11	4.86098e-13
-25.0167	1.37252e-107	-2.86393e-54	-2.35013e-54	6.25659e-21	7.90526e-11	2.69782e-12
-24.7492	5.22537e-106	-2.97923e-54	2.26641e-53	3.07912e-20	1.75215e-10	9.54058e-12
-24.4816	1.95706e-104	1.35991e-52	-3.28192e-53	1.47258e-19	3.82672e-10	2.86314e-11
-24.214	7.21135e-103	-3.57332e-52	-7.70356e-52	6.84377e-19	8.23543e-10	7.84429e-11
-23.9465	2.61205e-101	-4.53637e-51	2.35411e-51	3.09083e-18	1.74641e-09	2.02165e-10
-23.6789	9.28826e-100	1.14455e-50	2.82458e-50	1.3565e-17	3.64929e-09	4.97643e-10
-23.4114	3.23781e-98	1.77444e-49	-2.98605e-50	5.78533e-17	7.51399e-09	1.18035e-09
-23.1438	1.1049e-96	1.71658e-49	-1.03703e-48	2.39773e-16	1.52451e-08	2.71273e-09
-22.8763	3.6863e-95	-5.02312e-48	-3.41046e-48	9.65687e-16	3.04782e-08	6.06349e-09
-22.6087	1.20109e-93	-3.12071e-47	1.50734e-47	3.77952e-15	6.00404e-08	1.32161e-08
-22.3411	3.81829e-92	-3.06821e-47	1.92981e-46	1.43748e-14	1.16545e-07	2.81437e-08
-22.0736	1.1834e-90	7.2546e-46	8.10621e-46	5.31286e-14	2.22913e-07	5.86392e-08
-21.806	3.57343e-89	5.97642e-45	1.29104e-46	1.90819e-13	4.20115e-07	1.19676e-07
-21.5385	1.05077e-87	2.40395e-44	-2.17455e-44	6.66004e-13	7.8017e-07	2.39454e-07
-21.2709	3.00755e-86	2.33698e-44	-1.71841e-43	2.2589e-12	1.42757e-06	4.70044e-07
-21.0033	8.3765e-85	-4.49604e-43	-7.97186e-43	7.44527e-12	2.57389e-06	9.05747e-07
-20.7358	2.26954e-83	-4.27788e-42	-2.09646e-42	2.38467e-11	4.57259e-06	1.71409e-06
-20.4682	5.98063e-82	-2.43259e-41	2.51246e-42	7.42233e-11	8.00413e-06	3.18704e-06
-20.2007	1.53256e-80	-1.00599e-40	7.2148e-41	2.245e-10	1.38051e-05	5.82395e-06
-19.9331	3.81847e-79	-2.77333e-40	5.52207e-40	6.59866e-10	2.34606e-05	1.04627e-05
-19.6656	9.24947e-78	-4.64563e-41	3.04094e-39	1.88478e-09	3.92829e-05	1.84832e-05
-19.398	2.17802e-76	5.8085e-39	1.3567e-38	5.23151e-09	6.48087e-05	3.21147e-05
-19.1304	4.98537e-75	5.04737e-38	4.93739e-38	1.4111e-08	0.000105347	5.48915e-05
-18.8629	1.10917e-73	3.0568e-37	1.32199e-37	3.69875e-08	0.000168719	9.23105e-05
-18.5953	2.39851e-72	1.54537e-36	1.01621e-37	9.42138e-08	0.000266231	0.000152758
-18.3278	5.041e-71	6.87039e-36	-1.79101e-36	2.33205e-07	0.000413901	0.00024878
-18.0602	1.0297e-69	2.72639e-35	-1.69227e-35	5.60952e-07	0.000633976	0.000398781
-17.7926	2.04414e-68	9.57136e-35	-1.06209e-34	1.31122e-06	0.000956713	0.000629226
-17.5251	3.94378e-67	2.83804e-34	-5.60208e-34	2.97847e-06	0.00142238	0.00097739
-17.2575	7.39448e-66	5.94429e-34	-2.65351e-33	6.57464e-06	0.00208339	0.0014947
-16.99	1.34738e-64	-1.54497e-34	-1.16067e-32	1.41031e-05	0.00300632	0.00225059
-16.7224	2.38593e-63	-1.12883e-32	-4.75238e-32	2.93983e-05	0.0042737	0.00333674
-16.4548	4.10587e-62	-8.63603e-32	-1.83305e-31	5.95517e-05	0.00598503	0.00487146
-16.1873	6.86643e-61	-4.91824e-31	-6.66898e-31	0.000117228	0.00825684	0.00700372
-15.9197	1.11592e-59	-2.44126e-30	-2.28023e-30	0.000224248	0.0112211	0.00991638
-15.6522	1.7624e-58	-1.11219e-29	-7.24868e-30	0.000416862	0.0150218	0.0138278
-15.3846	2.7049e-57	-4.76242e-29	-2.09005e-29	0.000753042	0.0198089	0.0189908
-15.1171	4.03429e-56	-1.94181e-28	-5.13477e-29	0.00132194	0.0257298	0.0256888
-14.8495	5.84726e-55	-7.59892e-28	-8.53854e-29	0.0022551	0.0329184	0.0342269
-14.5819	8.23581e-54	-2.86878e-27	7.70452e-29	0.00373839	0.0414811	0.0449189
-14.3144	1.12727e-52	-1.04847e-26	1.67296e-27	0.00602238	0.051482	0.0580687
-14.0468	1.4994e-51	-3.71849e-26	1.08017e-26	0.0094279	0.062927	0.0739466
-13.7793	1.93808e-50	-1.28187e-25	5.4305e-26	0.0143425	0.0757486	0.0927614
-13.5117	2.43441e-49	-4.29967e-25	2.42012e-25	0.0212032	0.0897941	0.114631
-13.2441	2.97154e-48	-1.40406e-24	1.00008e-24	0.0304607	0.104817	0.139549
-12.9766	3.5248e-47	-4.46416e-24	3.91399e-24	0.0425249	0.120477	0.167362
-12.709	4.06306e-46	-1.38147e-23	1.46786e-23	0.0576912	0.136343	0.197742
-12.4415	4.55131e-45	-4.15722e-23	5.31325e-23	0.0760572	0.151911	0.230174
-12.1739	4.95433e-44	-1.21464e-22	1.8652e-22	0.0974396	0.166625	0.263962
-11.9064	5.24081e-43	-3.43703e-22	6.37141e-22	0.121309	0.179905	0.298234
-11.6388	5.38736e-42	-9.38231e-22	2.12299e-21	0.146763	0.191188	0.33198
-11.3712	5.38169e-41	-2.45529e-21	6.91292e-21	0.172545	0.199958	0.364091
-11.1037	5.22427e-40	-6.09514e-21	2.2029e-20	0.197131	0.205793	0.393421
-10.8361	4.9283e-39	-1.4078e-20	6.87758e-20	0.218861	0.208387	0.418851
-10.5686	4.51786e-38	-2.90299e-20	2.10561e-19	0.236128	0.207582	0.43936
-10.301	4.02469e-37	-4.75762e-20	6.32618e-19	0.247566	0.203382	0.454094
-10.0334	3.48415e-36	-2.97124e-20	1.86635e-18	0.25223	0.195951	0.462421
-9.76589	2.93107e-35	2.19642e-19	5.40948e-18	0.249728	0.185604	0.463982
-9.49833	2.39617e-34	1.46182e-18	1.54104e-17	0.240271	0.172788	0.458711
-9.23077	1.9036e-33	6.35604e-18	4.31648e-17	0.224647	0.158045	0.446843
-8.96321	1.46959e-32	2.35582e-17	1.18916e-16	0.204109	0.141978	0.428896
-8.69565	1.10251e-31	7.9837e-17	3.22299e-16	0.180214	0.125207	0.405632
-8.42809	8.03767e-31	2.54688e-16	8.59593e-16	0.154625	0.108333	0.378006
-8.16054	5.69434e-30	7.76322e-16	2.25647e-15	0.128924	0.0919003	0.3471
-7.89298	3.92031e-29	2.28077e-15	5.83106e-15	0.10446	0.076369	0.314051
-7.62542	2.62278e-28	6.49417e-15	1.48359e-14	0.0822496	0.0620995	0.279988
-7.35786	1.70517e-27	1.79882e-14	3.71698e-14	0.0629333	0.0493417	0.245965
-7.0903	1.0773e-26	4.85984e-14	9.17125e-14	0.046794	0.0382366	0.212913
-6.82274	6.61408e-26	1.28311e-13	2.22883e-13	0.0338115	0.028825	0.181606
-6.55518	3.94609e-25	3.31553e-13	5.33555e-13	0.0237412	0.0210626	0.152635
-6.28763	2.28785e-24	8.39422e-13	1.25826e-12	0.0161996	0.0148377	0.12641
-6.02007	1.289e-23	2.08418e-12	2.92339e-12	0.0107416	0.0099921	0.103159
-5.75251	7.05737e-23	5.07848e-12	6.69199e-12	0.00692151	0.00633971	0.0829537
-5.48495	3.75488e-22	1.21515e-11	1.5094e-11	0.00433406	0.00368429	0.0657304
-5.21739	1.94139e-21	2.85652e-11	3.35474e-11	0.00263726	0.00183345	0.0513215
-4.94983	9.75427e-21	6.59979e-11	7.34749e-11	0.00155946	0.000609153	0.0394853
-4.68227	4.76256e-20	1.4992e-10	1.58586e-10	0.000896108	-0.000145403	0.0299347
-4.41472	2.25969e-19	3.34929e-10	3.3733e-10	0.000500392	-0.000562325	0.0223624
-4.14716	1.04189e-18	7.36071e-10	7.07171e-10	0.000271534	-0.000748255	0.0164613
-3.8796	4.66831e-18	1.59167e-09	1.46113e-09	0.000143186	-0.000785694	0.0119402
-3.61204	2.03264e-17	3.38716e-09	2.97549e-09	7.33742e-05	-0.000735681	0.00853422
-3.34448	8.60055e-17	7.09479e-09	5.97239e-09	3.65384e-05	-0.000641188	0.00601059
-3.07692	3.53635e-16	1.46294e-08	1.18159e-08	1.76815e-05	-0.000530748	0.00417131
-2.80936	1.41302e-15	2.96997e-08	2.30422e-08	8.31481e-06	-0.000421903	0.00285251
-2.54181	5.48663e-15	5.937e-08	4.42926e-08	3.79971e-06	-0.000324259	0.00192212
-2.27425	2.07027e-14	1.16873e-07	8.39253e-08	1.68738e-06	-0.000242019	0.00127625
-2.00669	7.59122e-14	2.26584e-07	1.56754e-07	7.28177e-07	-0.000175959	0.000834995
-1.73913	2.70496e-13	4.32666e-07	2.88611e-07	3.0537e-07	-0.000124891	0.000538305
-1.47157	9.36641e-13	8.1379e-07	5.23821e-07	1.24446e-07	-8.66809e-05	0.000341953
-1.20401	3.15174e-12	1.50778e-06	9.37204e-07	4.9283e-08	-5.89017e-05	0.000214041
-0.936455	1.0306e-11	2.75202e-06	1.65299e-06	1.89661e-08	-3.92256e-05	0.000132013
-0.668896	3.27488e-11	4.94859e-06	2.87408e-06	7.09291e-09	-2.56203e-05	8.02278e-05
-0.401338	1.01126e-10	8.76687e-06	4.9263e-06	2.57771e-09	-1.64228e-05	4.80416e-05
-0.133779	3.03457e-10	1.53025e-05	8.32418e-06	9.10347e-10	-1.03367e-05	2.83461e-05
0.133779	8.849e-10	2.63178e-05	1.38664e-05	3.12424e-10	-6.39106e-06	1.64796e-05
0.401338	2.50758e-09	4.45987e-05	2.27714e-05	1.04195e-10	-3.88309e-06	9.44014e-06
0.668896	6.90526e-09	7.44727e-05	3.68657e-05	3.37684e-11	-2.31914e-06	5.32822e-06
0.936455	1.84786e-08	0.000122542	5.8839e-05	1.06351e-11	-1.36187e-06	2.96317e-06
1.20401	4.80531e-08	0.000198701	9.25805e-05	3.25486e-12	-7.86506e-07	1.62366e-06
1.47157	1.21433e-07	0.000317504	0.000143611	9.68032e-13	-4.46795e-07	8.76588e-07
1.73913	2.98207e-07	0.000499974	0.00021962	2.79776e-13	-2.49706e-07	4.66286e-07
2.00669	7.11644e-07	0.000775893	0.000331111	7.85771e-14	-1.37319e-07	2.44378e-07
2.27425	1.65033e-06	0.00118664	0.000492147	2.14459e-14	-7.43136e-08	1.26188e-07
2.54181	3.71915e-06	0.00178859	0.000721166	5.68798e-15	-3.95816e-08	6.41971e-08
2.80936	8.1448e-06	0.00265695	0.00104183	1.466e-15	-2.07516e-08	3.21772e-08
3.07692	1.73333e-05	0.00388993	0.00148382	3.67177e-16	-1.07099e-08	1.58895e-08
3.34448	3.58463e-05	0.00561297	0.00208348	8.93677e-17	-5.44158e-09	7.73026e-09
3.61204	7.20399e-05	0.00798258	0.00288417	2.11373e-17	-2.72213e-09	3.70504e-09
3.8796	0.000140691	0.0111892	0.00393619	4.85827e-18	-1.3408e-09	1.74944e-09
4.14716	0.000267006	0.0154583	0.00529613	1.08512e-18	-6.50308e-10	8.1377e-10
4.41472	0.000492427	0.0210493	0.00702532	2.35526e-19	-3.10597e-10	3.72902e-10
4.68227	0.000882523	0.0282509	0.00918757	4.9678e-20	-1.4609e-10	1.68332e-10
4.94983	0.001537	0.0373722	0.0118457	1.01825e-20	-6.76723e-11	7.48527e-11
5.21739	0.00260128	0.0487294	0.0150574	2.02817e-21	-3.08734e-11	3.27873e-11
5.48495	0.00427821	0.062627	0.0188698	3.92574e-22	-1.38727e-11	1.41465e-11
5.75251	0.00683758	0.0793351	0.0233136	7.38418e-23	-6.1398e-12	6.01205e-12
6.02007	0.0106196	0.0990613	0.0283976	1.34973e-23	-2.67657e-12	2.5166e-12
6.28763	0.0160278	0.121922	0.0341021	2.39748e-24	-1.14934e-12	1.03754e-12
6.55518	0.0235075	0.14791	0.0403747	4.13836e-25	-4.86159e-13	4.2129e-13
6.82274	0.0335045	0.176872	0.0471266	6.94168e-26	-2.0257e-13	1.6847e-13
7.0903	0.0464047	0.20848	0.0542313	1.13153e-26	-8.3148e-14	6.63451e-14
7.35786	0.0624577	0.242223	0.0615266	1.79238e-27	-3.36216e-14	2.57287e-14
7.62542	0.081691	0.277408	0.0688182	2.75904e-28	-1.33932e-14	9.8248e-15
7.89298	0.103831	0.313164	0.0758879	4.12714e-29	-5.256e-15	3.69404e-15
8.16054	0.128245	0.34848	0.082503	5.99937e-30	-2.03209e-15	1.36748e-15
8.42809	0.153929	0.382243	0.088429	8.47473e-31	-7.74019e-16	4.98365e-16
8.69565	0.179542	0.413292	0.0934431	1.16335e-31	-2.90463e-16	1.78792e-16
8.96321	0.203504	0.440485	0.0973481	1.55188e-32	-1.0739e-16	6.31361e-17
9.23077	0.224153	0.46277	0.0999851	2.01173e-33	-3.91183e-17	2.19429e-17
9.49833	0.239927	0.479246	0.101244	2.53423e-34	-1.40392e-17	7.50491e-18
9.76589	0.249563	0.489231	0.101072	3.10232e-35	-4.9643e-18	2.52566e-18
10.0334	0.252257	0.492302	0.0994768	3.69055e-36	-1.72954e-18	8.3621e-19
10.301	0.247782	0.488329	0.0965245	4.26637e-37	-5.93695e-19	2.72329e-19
10.5686	0.236517	0.477483	0.0923378	4.79281e-38	-2.00799e-19	8.72222e-20
10.8361	0.21939	0.460224	0.0870859	5.23222e-39	-6.69162e-20	2.74672e-20
11.1037	0.197759	0.437267	0.0809733	5.55068e-40	-2.19722e-20	8.50242e-21
11.3712	0.173229	0.409535	0.074227	5.72229e-41	-7.10872e-21	2.5863e-21
11.6388	0.147458	0.378097	0.0670822	5.73268e-42	-2.26616e-21	7.72799e-22
11.9064	0.121977	0.3441	0.0597692	5.58097e-43	-7.1182e-22	2.26735e-22
12.1739	0.0980514	0.308699	0.0525016	5.27989e-44	-2.20311e-22	6.52841e-23
12.4415	0.0765937	0.272995	0.0454666	4.85406e-45	-6.71877e-23	1.84357e-23
12.709	0.0581428	0.237983	0.0388183	4.33659e-46	-2.01898e-23	5.10194e-24
12.9766	0.0428907	0.204507	0.0326742	3.76492e-47	-5.97816e-24	1.38231e-24
13.2441	0.0307464	0.173237	0.0271142	3.17635e-48	-1.7442e-24	3.66205e-25
13.5117	0.0214185	0.14466	0.0221826	2.60413e-49	-5.01442e-25	9.4705e-26
13.7793	0.0144993	0.119077	0.0178916	2.07474e-50	-1.4205e-25	2.38553e-26
14.0468	0.00953831	0.0966225	0.0142269	1.6063e-51	-3.96517e-26	5.83467e-27
14.3144	0.00609759	0.0772865	0.0111531	1.20852e-52	-1.09064e-26	1.37949e-27
14.5819	0.003788	0.0609401	0.00861987	8.83579e-54	-2.95597e-27	3.13115e-28
14.8495	0.00228678	0.0473671	0.00656793	6.2777e-55	-7.89442e-28	6.74629e-29
15.1171	0.00134154	0.0362932	0.00493376	4.33431e-56	-2.07751e-28	1.35157e-29
15.3846	0.000764797	0.0274125	0.00365383	2.90806e-57	-5.38726e-29	2.40877e-30
15.6522	0.000423694	0.0204102	0.00266772	1.89605e-58	-1.37656e-29	3.35936e-31
15.9197	0.000228099	0.0149804	0.00192023	1.20133e-59	-3.46599e-30	1.4265e-32
16.1873	0.000119332	0.0108386	0.00136266	7.39668e-61	-8.59927e-31	-1.39043e-32
16.4548	6.06676e-05	0.00773038	0.000953321	4.42564e-62	-2.10232e-31	-7.66661e-33
16.7224	2.99723e-05	0.00543507	0.000657524	2.57323e-63	-5.06454e-32	-2.87643e-33
16.99	1.43895e-05	0.00376691	0.0004471	1.45394e-64	-1.20222e-32	-9.27761e-34
17.2575	6.71331e-06	0.00257361	0.00029972	7.98321e-66	-2.81209e-33	-2.74487e-34
17.5251	3.04363e-06	0.00173332	0.000198083	4.25964e-67	-6.48152e-34	-7.65661e-35
17.7926	1.34094e-06	0.00115078	0.000129061	2.20867e-68	-1.47206e-34	-2.04246e-35
18.0602	5.74107e-07	0.000753149	8.29016e-05	1.1129e-69	-3.29438e-35	-5.25399e-36
18.3278	2.38858e-07	0.000485903	5.24987e-05	5.44931e-71	-7.26474e-36	-1.31022e-36
18.5953	9.65716e-08	0.000309026	3.27757e-05	2.59294e-72	-1.57857e-36	-3.17887e-37
18.8629	3.79423e-08	0.00019374	2.01731e-05	1.19897e-73	-3.37991e-37	-7.52271e-38
19.1304	1.44865e-08	0.000119736	1.22408e-05	5.38749e-75	-7.13082e-38	-1.73963e-38
19.398	5.37483e-09	7.29466e-05	7.32261e-06	2.3525e-76	-1.4824e-38	-3.93667e-39
19.6656	1.9379e-09	4.38092e-05	4.31855e-06	9.98242e-78	-3.03658e-39	-8.72696e-40
19.9331	6.78986e-10	2.59361e-05	2.51088e-06	4.11629e-79	-6.12902e-40	-1.89684e-40
20.2007	2.31183e-10	1.51364e-05	1.43923e-06	1.64946e-80	-1.21895e-40	-4.04512e-41
20.4682	7.64915e-11	8.70805e-06	8.13299e-07	6.42303e-82	-2.38869e-41	-8.46858e-42
20.7358	2.45944e-11	4.93853e-06	4.53091e-07	2.43054e-83	-4.6123e-42	-1.74128e-42
21.0033	7.68461e-12	2.76092e-06	2.48849e-07	8.93777e-85	-8.77512e-43	-3.51781e-43
21.2709	2.33331e-12	1.52156e-06	1.34742e-07	3.19389e-86	-1.64499e-43	-6.98502e-44
21.5385	6.88471e-13	8.26618e-07	7.19255e-08	1.10911e-87	-3.03839e-44	-1.36356e-44
21.806	1.97408e-13	4.42691e-07	3.7851e-08	3.74277e-89	-5.52957e-45	-2.61754e-45
22.0736	5.50055e-14	2.33709e-07	1.96375e-08	1.22737e-90	-9.91522e-46	-4.94219e-46
22.3411	1.4894e-14	1.21627e-07	1.00441e-08	3.9113e-92	-1.75175e-46	-9.17971e-47
22.6087	3.91906e-15	6.23972e-08	5.06462e-09	1.21124e-93	-3.04928e-47	-1.67761e-47
22.8763	1.00211e-15	3.15559e-08	2.51766e-09	3.64507e-95	-5.22962e-48	-3.01692e-48
23.1438	2.49008e-16	1.57317e-08	1.23385e-09	1.06597e-96	-8.83665e-49	-5.33952e-49
23.4114	6.01278e-17	7.73126e-09	5.96126e-10	3.02933e-98	-1.4711e-49	-9.30155e-50
23.6789	1.41092e-17	3.74547e-09	2.8394e-10	8.36591e-100	-2.41285e-50	-1.59501e-50
23.9465	3.21729e-18	1.78872e-09	1.3333e-10	2.24514e-101	-3.89891e-51	-2.69257e-51
24.214	7.12926e-19	8.4209e-10	6.17224e-11	5.85514e-103	-6.20688e-52	-4.47505e-52
24.4816	1.53519e-19	3.90801e-10	2.81688e-11	1.48387e-104	-9.73451e-53	-7.323e-53
24.7492	3.2125e-20	1.78786e-10	1.26738e-11	3.65441e-106	-1.50403e-53	-1.17996e-53
25.0167	6.53265e-21	8.06291e-11	5.62155e-12	8.74589e-108	-2.28925e-54	-1.87222e-54
25.2843	1.29092e-21	3.58452e-11	2.4582e-12	2.03401e-109	-3.43252e-55	-2.9254e-55
25.5518	2.47898e-22	1.57091e-11	1.05971e-12	4.59693e-111	-5.06998e-56	-4.50162e-56
25.8194	4.62605e-23	6.78658e-12	4.50372e-13	1.00959e-112	-7.37671e-57	-6.82228e-57
26.087	8.38903e-24	2.89023e-12	1.88697e-13	2.15471e-114	-1.05723e-57	-1.01832e-57
26.3545	1.47835e-24	1.21337e-12	7.79413e-14	4.46883e-116	-1.49249e-58	-1.4971e-58
26.6221	2.53167e-25	5.02155e-13	3.17381e-14	9.00666e-118	-2.07529e-59	-2.16791e-59
26.8896	4.21308e-26	2.04862e-13	1.27411e-14	1.764e-119	-2.8422e-60	-3.09223e-60
27.1572	6.81329e-27	8.23885e-14	5.04242e-15	3.35734e-121	-3.83373e-61	-4.34464e-61
27.4247	1.07073e-27	3.26628e-14	1.96735e-15	6.20951e-123	-5.09287e-62	-6.01313e-62
27.6923	1.63517e-28	1.2765e-14	7.56718e-16	1.11605e-124	-6.66281e-63	-8.19828e-63
27.9599	2.42668e-29	4.91777e-15	2.86943e-16	1.94927e-126	-8.5839e-64	-1.10111e-63
28.2274	3.49966e-30	1.86766e-15	1.07267e-16	3.30846e-128	-1.08898e-64	-1.45691e-64
28.495	4.9046e-31	6.99212e-16	3.95316e-17	5.45688e-130	-1.36032e-65	-1.89905e-65
28.7625	6.67951e-32	2.58048e-16	1.43626e-17	8.74633e-132	-1.67308e-66	-2.43868e-66
29.0301	8.83994e-33	9.38801e-17	5.14432e-18	1.3623e-133	-2.02588e-67	-3.08525e-67
29.2977	1.13689e-33	3.36688e-17	1.81648e-18	2.06196e-135	-2.4149e-68	-3.8455e-68
29.5652	1.42086e-34	1.19032e-17	6.3233e-19	3.03287e-137	-2.83359e-69	-4.72224e-69
29.8328	1.72563e-35	4.1484e-18	2.17002e-19	4.33503e-139	-3.2725e-70	-5.71323e-70
30.1003	2.03662e-36	1.42521e-18	7.34159e-20	6.02134e-141	-3.71947e-71	-6.81021e-71
30.3679	2.33579e-37	4.8268e-19	2.44864e-20	8.12753e-143	-4.15993e-72	-7.99814e-72
30.6355	2.60329e-38	1.61146e-19	8.0513e-21	1.06608e-144	-4.57755e-73	-9.25492e-73
30.903	2.81953e-39	5.3035e-20	2.60984e-21	1.35888e-146	-4.9551e-74	-1.05515e-73
31.1706	2.96752e-40	1.72063e-20	8.34006e-22	1.68321e-148	-5.2755e-75	-1.18529e-74
31.4381	3.03511e-41	5.50291e-21	2.62743e-22	2.0261e-150	-5.523e-76	-1.31189e-75
31.7057	3.01661e-42	1.73492e-21	8.16017e-23	2.36998e-152	-5.68434e-77	-1.43069e-76
31.9732	2.91358e-43	5.39198e-22	2.49847e-23	2.69398e-154	-5.74983e-78	-1.53733e-77
32.2408	2.73464e-44	1.65195e-22	7.54144e-24	2.97583e-156	-5.71418e-79	-1.62767e-78
32.5084	2.49423e-45	4.98918e-23	2.24409e-24	3.19437e-158	-5.57703e-80	-1.69804e-79
32.7759	2.21074e-46	1.4854e-23	6.58313e-25	3.33216e-160	-5.34313e-81	-1.74547e-80
33.0435	1.90415e-47	4.35951e-24	1.90384e-25	3.37778e-162	-5.02204e-82	-1.76793e-81
33.311	1.59379e-48	1.26129e-24	5.42791e-26	3.32736e-164	-4.62751e-83	-1.76443e-82
33.5786	1.29635e-49	3.59726e-25	1.5256e-26	3.18517e-166	-4.17649e-84	-1.73515e-83
33.8462	1.02466e-50	1.01137e-25	4.22721e-27	2.96299e-168	-3.68794e-85	-1.68136e-84
34.1137	7.87046e-52	2.80306e-26	1.15471e-27	2.67849e-170	-3.18147e-86	-1.60539e-85
34.3813	5.87468e-53	7.65834e-27	3.10953e-28	2.35297e-172	-2.67609e-87	-1.51041e-86
34.6488	4.26121e-54	2.06262e-27	8.25508e-29	2.00865e-174	-2.189e-88	-1.40026e-87
34.9164	3.00362e-55	5.47627e-28	2.16049e-29	1.66632e-176	-1.73467e-89	-1.27915e-88
35.1839	2.05741e-56	1.43328e-28	5.57428e-30	1.3433e-178	-1.32423e-90	-1.15142e-89
35.4515	1.3695e-57	3.69796e-29	1.41784e-30	1.05234e-180	-9.65136e-92	-1.02128e-90
35.7191	8.85862e-59	9.40531e-30	3.55526e-31	8.01124e-183	-6.61191e-93	-8.9261e-92
35.9866	5.56845e-60	2.35812e-30	8.78859e-32	5.92664e-185	-4.12867e-94	-7.68739e-93
36.2542	3.40147e-61	5.82828e-31	2.14176e-32	4.2607e-187	-2.17793e-95	-6.52377e-94
36.5217	2.01912e-62	1.42003e-31	5.14547e-33	2.97658e-189	-7.14071e-97	-5.45534e-95
36.7893	1.16472e-63	3.41063e-32	1.21866e-33	2.02078e-191	3.23424e-98	-4.49519e-96
37.0569	6.529e-65	8.07521e-33	2.8454e-34	1.33316e-193	1.00317e-98	-3.64987e-97
37.3244	3.5566e-66	1.88476e-33	6.54949e-35	8.54695e-196	1.39579e-99	-2.92018e-98
37.592	1.88272e-67	4.33649e-34	1.48619e-35	5.32481e-198	1.56896e-100	-2.30221e-99
37.8595	9.68507e-69	9.83566e-35	3.32463e-36	3.22374e-200	1.58386e-101	-1.78848e-100
38.1271	4.84153e-70	2.19913e-35	7.33188e-37	1.89662e-202	1.49284e-102	-1.36906e-101
38.3946	2.35194e-71	4.84706e-36	1.59401e-37	1.08434e-204	1.33849e-103	-1.03268e-102
38.6622	1.11028e-72	1.05315e-36	3.41639e-38	6.0244e-207	1.15359e-104	-7.67549e-104
38.9298	5.09338e-74	2.2557e-37	7.21848e-39	3.25256e-209	9.61845e-106	-5.62143e-105
39.1973	2.27061e-75	4.76272e-38	1.50358e-39	1.70648e-211	7.79136e-107	-4.05682e-106
39.4649	9.83653e-77	9.91312e-39	3.08752e-40	8.70046e-214	6.14968e-108	-2.88484e-107
39.7324	4.141e-78	2.03399e-39	6.2502e-41	4.31069e-216	4.73963e-109	-2.0214e-108
40	1.69408e-79	4.11403e-40	1.24733e-41	2.07546e-218	3.57253e-110	-1.39565e-109
