-40	3.08023e-168	-1.03917e-84	1.41434e-84	1.11385e-163	-3.07472e-82	-1.29791e-82
-39.7324	1.39851e-167	-2.2213e-84	3.00848e-84	1.12231e-161	-2.06721e-81	-2.63622e-81
-39.4649	3.55443e-167	-3.63184e-84	4.728e-84	1.09891e-159	-5.23703e-81	-3.27335e-80
-39.1973	6.08139e-167	-5.12697e-84	5.87606e-84	1.04562e-157	1.10185e-79	-3.04009e-79
-38.9298	6.01476e-167	-6.11963e-84	4.76422e-84	9.66838e-156	2.34438e-78	-2.04262e-78
-38.6622	3.16043e-167	-5.57421e-84	-7.29677e-85	8.68752e-154	2.88249e-77	-6.15467e-78
-38.3946	1.13918e-166	-2.6963e-84	-1.0327e-83	7.58581e-152	2.63446e-76	8.034e-77
-38.1271	2.97201e-166	1.70858e-84	-1.71546e-83	6.43683e-150	1.76331e-75	1.82416e-75
-37.8595	1.27862e-166	4.81221e-84	-1.02325e-83	5.3077e-148	5.96894e-75	2.22518e-74
-37.592	7.61085e-167	3.73995e-84	7.8817e-84	4.25309e-146	-4.98792e-74	2.00107e-73
-37.3244	1.21169e-166	-2.10958e-84	1.08036e-83	3.31181e-144	-1.24133e-72	1.33076e-72
-37.0569	1.4142e-166	-7.60254e-84	-9.1445e-84	2.50606e-142	-1.50575e-71	4.88637e-72
-36.7893	7.38109e-167	-1.43524e-85	-8.59013e-84	1.84282e-140	-1.33241e-70	-2.59801e-71
-36.5217	2.02015e-166	8.18238e-84	1.16217e-83	1.31685e-138	-8.78478e-70	-7.38326e-70
-36.2542	5.61493e-167	-7.49308e-84	5.5336e-86	9.14436e-137	-3.41789e-69	-8.93094e-69
-35.9866	1.45704e-166	5.5807e-84	-1.07033e-83	6.17071e-135	1.10281e-68	-7.77759e-68
-35.7191	1.72429e-166	-5.35504e-84	1.19897e-83	4.04651e-133	3.8356e-67	-5.07477e-67
-35.4515	6.42153e-167	6.79019e-84	-4.25543e-84	2.57864e-131	4.64243e-66	-2.05773e-66
-35.1839	3.3241e-166	-1.6083e-83	-8.58759e-84	1.59685e-129	3.9802e-65	3.55733e-66
-34.9164	2.46102e-165	4.44125e-83	2.21031e-83	9.60953e-128	2.56633e-64	1.73882e-64
-34.6488	1.16813e-164	-1.06295e-82	-1.9562e-83	5.61958e-126	1.07135e-63	2.11466e-63
-34.3813	5.51204e-164	2.07905e-82	-1.09068e-82	3.19352e-124	-6.68619e-64	1.78579e-62
-34.1137	7.44958e-163	-2.14265e-82	8.36091e-82	1.7636e-122	-6.8708e-62	1.13645e-61
-33.8462	1.19527e-161	-9.50905e-82	-3.32392e-81	9.46439e-121	-8.43943e-61	4.83941e-61
-33.5786	1.42689e-160	8.71728e-81	8.16689e-81	4.93571e-119	-7.02475e-60	1.00402e-61
-33.311	1.5165e-159	-3.88392e-80	-2.83032e-81	2.50133e-117	-4.40796e-59	-2.36288e-59
-33.0435	2.76077e-158	8.84834e-80	-1.40636e-79	1.23185e-115	-1.90097e-58	-2.95039e-58
-32.7759	2.0749e-156	-5.21327e-80	1.43951e-78	5.8953e-114	-1.6015e-58	-2.42274e-57
-32.5084	1.04551e-154	1.75609e-78	-1.00731e-77	2.7417e-112	7.05803e-57	-1.49784e-56
-32.2408	2.59977e-153	-1.64066e-77	4.82763e-77	1.23907e-110	9.0331e-56	-6.50465e-56
-31.9732	8.40434e-153	-3.88834e-77	-8.30206e-77	5.44174e-109	7.32576e-55	-8.6641e-56
-31.7057	2.5265e-150	9.76459e-76	-1.2542e-75	2.32243e-107	4.45978e-54	1.82612e-54
-31.4381	2.80912e-148	-5.61974e-75	1.57902e-74	9.63191e-106	1.94132e-53	2.4214e-53
-31.1706	7.85281e-147	7.9148e-75	-8.82619e-74	3.88191e-104	3.3224e-53	1.94204e-52
-30.903	2.3844e-145	1.69282e-73	4.58021e-73	1.52035e-102	-4.07619e-52	1.1637e-51
-30.6355	3.51104e-144	1.34953e-72	1.29993e-72	5.78634e-101	-5.68099e-51	5.05863e-51
-30.3679	2.1898e-141	-1.91405e-71	-4.27018e-71	2.14008e-99	-4.51343e-50	1.01475e-50
-30.1003	9.80427e-140	2.07045e-70	2.34893e-70	7.69162e-98	-2.66134e-49	-7.80309e-50
-29.8328	1.97066e-138	-5.73378e-71	-1.40263e-69	2.6864e-96	-1.15179e-48	-1.16609e-48
-29.5652	4.2707e-137	-6.5151e-69	5.10403e-70	9.11776e-95	-2.57332e-48	-9.19541e-48
-29.2977	1.37518e-135	-1.25527e-68	3.48942e-68	3.00725e-93	1.26883e-47	-5.33503e-47
-29.0301	3.41181e-133	-2.8351e-67	5.10689e-67	9.6386e-92	2.09306e-46	-2.29296e-46
-28.7625	4.38737e-131	-5.88878e-66	-3.03248e-66	3.00208e-90	1.64218e-45	-5.52566e-46
-28.495	3.24701e-129	5.18221e-65	-2.36954e-65	9.08648e-89	9.37525e-45	1.72323e-45
-28.2274	1.81699e-127	-2.87258e-64	3.14932e-64	2.67259e-87	3.99324e-44	3.28328e-44
-27.9599	8.82419e-126	2.00899e-63	-2.18818e-63	7.63894e-86	1.01567e-43	2.57048e-43
-27.6923	4.00019e-124	-1.7726e-62	9.26326e-63	2.12177e-84	-1.88919e-43	1.44433e-42
-27.4247	1.76043e-122	1.30936e-61	2.14464e-62	5.72699e-83	-4.49765e-42	6.08614e-42
-27.1572	7.67521e-121	-4.22593e-61	-7.67421e-61	1.50217e-81	-3.52616e-41	1.6087e-41
-26.8896	3.3451e-119	-3.42121e-60	4.6633e-60	3.82892e-80	-1.95076e-40	-1.53149e-41
-26.6221	1.46076e-117	3.51432e-59	1.50237e-59	9.48411e-79	-8.12079e-40	-5.37529e-40
-26.3545	6.38196e-116	8.85219e-59	-2.36608e-58	2.28287e-77	-2.2052e-39	-4.23861e-39
-26.087	2.78021e-114	-1.48282e-57	-7.62537e-58	5.33986e-76	6.15336e-40	-2.30999e-38
-25.8194	1.20282e-112	-7.37085e-57	8.12112e-57	1.21379e-74	5.59798e-38	-9.48901e-38
-25.5518	5.14741e-111	3.07361e-56	6.48283e-56	2.68113e-73	4.4638e-37	-2.62408e-37
-25.2843	2.17113e-109	4.65027e-55	2.93776e-56	5.75518e-72	2.39824e-36	-6.0169e-38
-25.0167	8.99851e-108	1.86506e-54	-2.34948e-54	1.2005e-70	9.71211e-36	5.072e-36
-24.7492	3.65566e-106	-3.82028e-54	-1.87342e-53	2.4335e-69	2.71645e-35	4.11775e-35
-24.4816	1.45283e-104	-1.00929e-52	-6.58906e-53	4.79363e-68	1.67981e-35	2.18298e-34
-24.214	5.63956e-103	-7.43537e-52	1.05395e-52	9.17615e-67	-3.98948e-34	8.70893e-34
-23.9465	2.1357e-101	-3.23419e-51	3.30106e-51	1.70695e-65	-3.32648e-33	2.45031e-33
-23.6789	7.88315e-100	-4.96849e-51	2.76338e-50	3.08564e-64	-1.74211e-32	2.25127e-33
-23.4114	2.83414e-98	6.05354e-50	1.57089e-49	5.42042e-63	-6.84302e-32	-2.71612e-32
-23.1438	9.91913e-97	7.5948e-49	6.44285e-49	9.25306e-62	-1.92826e-31	-2.35263e-31
-22.8763	3.37815e-95	5.63769e-48	1.41346e-48	1.53498e-60	-2.22086e-31	-1.21887e-30
-22.6087	1.11918e-93	3.29447e-47	-5.81667e-48	2.47447e-59	1.5937e-30	-4.71219e-30
-22.3411	3.60612e-92	1.60753e-46	-1.01092e-46	3.87637e-58	1.45618e-29	-1.32511e-29
-22.0736	1.12984e-90	6.46114e-46	-8.44022e-46	5.90111e-57	7.47616e-29	-1.76583e-29
-21.806	3.44165e-89	1.87299e-45	-5.55953e-45	8.72982e-56	2.84408e-28	8.00659e-29
-21.5385	1.01917e-87	6.90842e-46	-3.1917e-44	1.25499e-54	7.958e-28	7.88477e-28
-21.2709	2.93373e-86	-4.3847e-44	-1.65574e-43	1.75324e-53	1.17187e-27	4.01984e-27
-21.0033	8.20844e-85	-4.49112e-43	-7.86856e-43	2.38016e-52	-3.40744e-27	1.50468e-26
-20.7358	2.23226e-83	-3.25326e-42	-3.42621e-42	3.14003e-51	-3.73294e-26	4.17916e-26
-20.4682	5.90007e-82	-2.02149e-41	-1.34672e-41	4.02555e-50	-1.8946e-25	6.60345e-26
-20.2007	1.51559e-80	-1.14334e-40	-4.56476e-41	5.01511e-49	-6.97848e-25	-1.20498e-25
-19.9331	3.78367e-79	-6.04451e-40	-1.14044e-40	6.07156e-48	-1.92009e-24	-1.54429e-24
-19.6656	9.17993e-78	-3.02978e-39	-1.92364e-41	7.14306e-47	-3.19046e-24	-7.82634e-24
-19.398	2.16449e-76	-1.45205e-38	2.36752e-39	8.16642e-46	3.40031e-24	-2.83739e-23
-19.1304	4.95971e-75	-6.68849e-38	2.20479e-38	9.07285e-45	5.57801e-23	-7.72103e-23
-18.8629	1.10443e-73	-2.97053e-37	1.49004e-37	9.79533e-44	2.83324e-22	-1.3297e-22
-18.5953	2.38999e-72	-1.27422e-36	8.75421e-37	1.02768e-42	1.01143e-21	6.84316e-23
-18.3278	5.02607e-71	-5.2817e-36	4.7291e-36	1.04776e-41	2.7183e-21	1.7574e-21
-18.0602	1.02715e-69	-2.11407e-35	2.40878e-35	1.03808e-40	4.7997e-21	8.98725e-21
-17.7926	2.03991e-68	-8.15375e-35	1.17264e-34	9.9945e-40	-5.0074e-22	3.16101e-20
-17.5251	3.93694e-67	-3.01784e-34	5.5011e-34	9.35097e-39	-4.8233e-20	8.38126e-20
-17.2575	7.38371e-66	-1.06401e-33	2.50032e-33	8.5019e-38	-2.49755e-19	1.50471e-19
-16.99	1.34573e-64	-3.52621e-33	1.10517e-32	7.51172e-37	-8.66144e-19	3.10866e-20
-16.7224	2.38347e-63	-1.06967e-32	4.76345e-32	6.44951e-36	-2.26366e-18	-1.15124e-18
-16.4548	4.10229e-62	-2.78737e-32	2.00614e-31	5.38119e-35	-4.10533e-18	-6.07932e-18
-16.1873	6.86136e-61	-4.96651e-32	8.26843e-31	4.36308e-34	-1.82725e-18	-2.08079e-17
-15.9197	1.11522e-59	4.55109e-32	3.33918e-30	3.43774e-33	2.3842e-17	-5.35658e-17
-15.6522	1.76147e-58	1.10178e-30	1.32262e-29	2.63218e-32	1.29581e-16	-9.76248e-17
-15.3846	2.70368e-57	7.70514e-30	5.14228e-29	1.9585e-31	4.38262e-16	-6.14505e-17
-15.1171	4.03274e-56	4.20093e-29	1.96374e-28	1.4161e-30	1.11073e-15	4.27053e-16
-14.8495	5.84534e-55	2.03485e-28	7.36972e-28	9.95014e-30	2.02579e-15	2.41792e-15
-14.5819	8.2335e-54	9.15945e-28	2.71929e-27	6.79404e-29	1.56495e-15	8.09267e-15
-14.3144	1.127e-52	3.91253e-27	9.86874e-27	4.50808e-28	-6.58494e-15	2.01853e-14
-14.0468	1.49909e-51	1.60432e-26	3.52378e-26	2.90682e-27	-3.94821e-14	3.67149e-14
-13.7793	1.93774e-50	6.35941e-26	1.23827e-25	1.82142e-26	-1.31003e-13	3.24389e-14
-13.5117	2.43404e-49	2.44809e-25	4.28338e-25	1.10908e-25	-3.21524e-13	-8.67811e-14
-13.2441	2.97115e-48	9.18126e-25	1.45883e-24	6.56271e-25	-5.81592e-13	-5.63934e-13
-12.9766	3.52441e-47	3.36232e-24	4.89273e-24	3.77369e-24	-5.63771e-13	-1.85899e-12
-12.709	4.06266e-46	1.20442e-23	1.61618e-23	2.10869e-23	9.65829e-13	-4.48933e-12
-12.4415	4.55093e-45	4.22562e-23	5.25866e-23	1.14505e-22	7.04194e-12	-8.05704e-12
-12.1739	4.95397e-44	1.4535e-22	1.68562e-22	6.04225e-22	2.31228e-11	-8.34019e-12
-11.9064	5.24048e-43	4.90577e-22	5.32337e-22	3.0984e-21	5.49506e-11	8.87881e-12
-11.6388	5.38707e-42	1.62575e-21	1.65651e-21	1.54397e-20	9.76604e-11	7.68256e-11
-11.3712	5.38144e-41	5.2928e-21	5.07943e-21	7.47664e-20	1.05947e-10	2.52075e-10
-11.1037	5.22406e-40	1.69356e-20	1.5349e-20	3.51833e-19	-6.42184e-11	5.89669e-10
-10.8361	4.92813e-39	5.32795e-20	4.57102e-20	1.60891e-18	-7.31663e-10	1.03614e-09
-10.5686	4.51772e-38	1.64855e-19	1.34165e-19	7.14974e-18	-2.40817e-09	1.16208e-09
-10.301	4.02459e-37	5.01811e-19	3.88129e-19	3.08754e-17	-5.54762e-09	-3.15239e-10
-10.0334	3.48407e-36	1.50307e-18	1.10673e-18	1.29568e-16	-9.62521e-09	-6.07649e-09
-9.76589	2.93101e-35	4.43099e-18	3.11069e-18	5.28384e-16	-1.10468e-08	-2.01582e-08
-9.49833	2.39613e-34	1.28583e-17	8.61844e-18	2.09394e-15	2.3099e-10	-4.5759e-08
-9.23077	1.90357e-33	3.67359e-17	2.35382e-17	8.06385e-15	4.39481e-08	-7.83097e-08
-8.96321	1.46957e-32	1.03342e-16	6.33723e-17	3.01776e-14	1.47822e-07	-9.12477e-08
-8.69565	1.10249e-31	2.86285e-16	1.68197e-16	1.09747e-13	3.3092e-07	-1.54544e-08
-8.42809	8.03759e-31	7.81078e-16	4.40086e-16	3.87848e-13	5.58123e-07	2.76308e-07
-8.16054	5.69429e-30	2.09896e-15	1.13518e-15	1.33197e-12	6.56171e-07	9.49428e-07
-7.89298	3.92028e-29	5.55603e-15	2.88674e-15	4.44523e-12	2.07092e-07	2.09818e-06
-7.62542	2.62276e-28	1.44879e-14	7.23721e-15	1.44164e-11	-1.50643e-06	3.48526e-06
-7.35786	1.70516e-27	3.7218e-14	1.78879e-14	4.54341e-11	-5.33954e-06	4.11382e-06
-7.0903	1.07729e-26	9.41961e-14	4.35893e-14	1.39147e-10	-1.16634e-05	1.76392e-06
-6.82274	6.61405e-26	2.34892e-13	1.04721e-13	4.1412e-10	-1.90721e-05	-7.09753e-06
-6.55518	3.94607e-25	5.77133e-13	2.48042e-13	1.19769e-09	-2.25105e-05	-2.62863e-05
-6.28763	2.28785e-24	1.39726e-12	5.79239e-13	3.3661e-09	-1.16295e-05	-5.68406e-05
-6.02007	1.289e-23	3.33338e-12	1.33362e-12	9.19333e-09	2.87513e-05	-9.14696e-05
-5.75251	7.05735e-23	7.83639e-12	3.0273e-12	2.43996e-08	0.000113234	-0.000107599
-5.48495	3.75487e-22	1.81544e-11	6.77524e-12	6.29298e-08	0.000242839	-6.29205e-05
-5.21739	1.94139e-21	4.14474e-11	1.49501e-11	1.57723e-07	0.000384517	9.93442e-05
-4.94983	9.75425e-21	9.32545e-11	3.25247e-11	3.84146e-07	0.000449594	0.000426627
-4.68227	4.76255e-20	2.06781e-10	6.97647e-11	9.09205e-07	0.000286558	0.000909445
-4.41472	2.25969e-19	4.51886e-10	1.47541e-10	2.09118e-06	-0.000288877	0.00141694
-4.14716	1.04189e-18	9.73267e-10	3.07638e-10	4.67397e-06	-0.00140508	0.00164308
-3.8796	4.66831e-18	2.06599e-09	6.32447e-10	1.01518e-05	-0.00298534	0.00111334
-3.61204	2.03264e-17	4.32239e-09	1.28193e-09	2.14272e-05	-0.00457738	-0.000689003
-3.34448	8.60054e-17	8.91303e-09	2.56188e-09	4.39492e-05	-0.00525437	-0.00404238
-3.07692	3.53635e-16	1.8115e-08	5.04788e-09	8.75992e-05	-0.00371938	-0.00858868
-2.80936	1.41302e-15	3.62884e-08	9.80652e-09	0.000169673	0.00127043	-0.0129638
-2.54181	5.48662e-15	7.16506e-08	1.87835e-08	0.000319368	0.0101503	-0.0147085
-2.27425	2.07027e-14	1.39443e-07	3.54729e-08	0.000584161	0.0216529	-0.0107384
-2.00669	7.59121e-14	2.67488e-07	6.60497e-08	0.00103834	0.0321892	0.00148082
-1.73913	2.70496e-13	5.0576e-07	1.21255e-07	0.00179353	0.0360527	0.0222199
-1.47157	9.36641e-13	9.42588e-07	2.19476e-07	0.00301052	0.0268861	0.0478294
-1.20401	3.15174e-12	1.73157e-06	3.91677e-07	0.00491064	0.000402512	0.0700748
-0.936455	1.0306e-11	3.13545e-06	6.89167e-07	0.00778395	-0.0423458	0.0774001
-0.668896	3.27488e-11	5.59638e-06	1.19557e-06	0.0119902	-0.0925513	0.0585186
-0.401338	1.01126e-10	9.84605e-06	2.04494e-06	0.0179479	-0.133749	0.00769357
-0.133779	3.03457e-10	1.70753e-05	3.44858e-06	0.0261076	-0.14557	-0.0701212
0.133779	8.849e-10	2.91894e-05	5.73393e-06	0.036905	-0.110921	-0.156848
0.401338	2.50758e-09	4.91856e-05	9.39977e-06	0.0506951	-0.0245324	-0.223815
0.668896	6.90526e-09	8.16972e-05	1.51927e-05	0.0676723	0.100628	-0.239888
0.936455	1.84786e-08	0.000133763	2.42105e-05	0.087785	0.23274	-0.18335
1.20401	4.80531e-08	0.000215885	3.80386e-05	0.110661	0.328361	-0.0532905
1.47157	1.21433e-07	0.000343455	5.89246e-05	0.13556	0.34643	0.124682
1.73913	2.98207e-07	0.000538617	8.99949e-05	0.161373	0.264571	0.302284
2.00669	7.11644e-07	0.000832634	0.000135515	0.186679	0.0911685	0.422336
2.27425	1.65033e-06	0.0012688	0.000201191	0.209858	-0.132643	0.438479
2.54181	3.71915e-06	0.00190589	0.000294495	0.229255	-0.343513	0.333547
2.80936	8.14479e-06	0.00282209	0.000425005	0.243374	-0.476197	0.128884
3.07692	1.73333e-05	0.00411917	0.000604724	0.251071	-0.486464	-0.120098
3.34448	3.58463e-05	0.00592678	0.000848335	0.251699	-0.367632	-0.341388
3.61204	7.20399e-05	0.00840614	0.00117334	0.245205	-0.153903	-0.470658
3.8796	0.000140691	0.0117529	0.00160002	0.232136	0.0911469	-0.473105
4.14716	0.000267006	0.0161981	0.00215115	0.213559	0.296536	-0.354437
4.41472	0.000492427	0.0220067	0.00285142	0.190924	0.407733	-0.15709
4.68227	0.000882523	0.0294726	0.00372644	0.165869	0.403364	0.056271
4.94983	0.001537	0.0389095	0.00480144	0.140034	0.299038	0.224966
5.21739	0.00260128	0.0506367	0.00609944	0.114886	0.138044	0.309563
5.48495	0.00427821	0.0649604	0.00763925	0.0915929	-0.026265	0.301501
5.75251	0.00683758	0.0821499	0.00943306	0.0709614	-0.148926	0.220867
6.02007	0.0106196	0.102409	0.011484	0.0534253	-0.205952	0.104923
6.28763	0.0160278	0.125848	0.0137841	0.0390873	-0.197583	-0.0069537
6.55518	0.0235075	0.152451	0.0163117	0.0277899	-0.142851	-0.0859281
6.82274	0.0335045	0.18205	0.0190309	0.0192001	-0.0691979	-0.120049
7.0903	0.0464047	0.214302	0.0218906	0.0128909	-0.00187737	-0.113523
7.35786	0.0624577	0.248679	0.0248253	0.00841063	0.0431467	-0.0809259
7.62542	0.081691	0.284465	0.0277566	0.00533257	0.061297	-0.0396894
7.89298	0.103831	0.320772	0.0305968	0.00328556	0.0571863	-0.0039091
8.16054	0.128245	0.356566	0.0332523	0.00196718	0.0401641	0.0188158
8.42809	0.153929	0.390717	0.035629	0.00114458	0.0198312	0.0274099
8.69565	0.179542	0.422049	0.0376374	0.000647157	0.00304454	0.0252564
8.96321	0.203504	0.449408	0.0391985	0.00035558	-0.00710621	0.0174666
9.23077	0.224153	0.471734	0.0402488	0.000189858	-0.010731	0.00864308
9.49833	0.239927	0.488126	0.0407446	9.85112e-05	-0.00977937	0.00169563
9.76589	0.249563	0.497905	0.040665	4.96713e-05	-0.00665675	-0.00231496
10.0334	0.252257	0.500655	0.0400131	2.43383e-05	-0.00328903	-0.00367703
10.301	0.247782	0.496262	0.0388165	1.15888e-05	-0.000754184	-0.00331964
10.5686	0.236517	0.484911	0.0371246	5.36228e-06	0.000646538	-0.00222357
10.8361	0.21939	0.467081	0.0350056	2.41115e-06	0.00110229	-0.00109367
11.1037	0.197759	0.443509	0.0325419	1.05357e-06	0.000987838	-0.000278837
11.3712	0.173229	0.415138	0.0298249	4.47372e-07	0.000651054	0.000153298
11.6388	0.147458	0.383055	0.0269491	1.84602e-07	0.000317977	0.000288951
11.9064	0.121977	0.348426	0.024007	7.40232e-08	8.7346e-05	0.00025767
12.1739	0.0980514	0.312421	0.0210843	2.88446e-08	-3.03278e-05	0.000167107
12.4415	0.0765937	0.276153	0.0182562	1.09225e-08	-6.61935e-05	8.08761e-05
12.709	0.0581428	0.240624	0.0155843	4.01927e-09	-5.89094e-05	2.34297e-05
12.9766	0.0428907	0.206685	0.0131157	1.43726e-09	-3.76019e-05	-4.83255e-06
13.2441	0.0307464	0.175009	0.0108824	4.99443e-10	-1.80028e-05	-1.32417e-05
13.5117	0.0214185	0.14608	0.00890186	1.68656e-10	-5.41684e-06	-1.18031e-05
13.7793	0.0144993	0.120199	0.00717899	5.53453e-11	5.65616e-07	-7.41791e-06
14.0468	0.00953831	0.0974973	0.00570784	1.76492e-11	2.31095e-06	-3.50838e-06
14.3144	0.00609759	0.0779588	0.00447409	5.4693e-12	2.07224e-06	-1.08403e-06
14.5819	0.003788	0.0614495	0.0034575	1.64704e-12	1.28299e-06	3.12951e-08
14.8495	0.00228678	0.0477477	0.00263417	4.81991e-13	5.98746e-07	3.51417e-07
15.1171	0.00134154	0.0365735	0.00197856	1.37069e-13	1.88339e-07	3.18743e-07
15.3846	0.000764797	0.0276161	0.00146513	3.78792e-14	5.31802e-09	1.94553e-07
15.6522	0.000423694	0.020556	0.00106962	1.01725e-14	-4.6488e-08	8.95063e-08
15.9197	0.000228099	0.0150833	0.000769843	2.65473e-15	-4.29447e-08	2.84689e-08
16.1873	0.000119332	0.0109103	0.000546258	6.73248e-16	-2.5866e-08	2.04879e-09
16.4548	6.06676e-05	0.00777956	0.000382133	1.65918e-16	-1.17227e-08	-5.33825e-09
16.7224	2.99723e-05	0.00546835	0.000263544	3.97353e-17	-3.7499e-09	-5.06692e-09
16.99	1.43895e-05	0.00378912	0.00017919	9.24749e-18	-3.96499e-10	-3.01501e-09
17.2575	6.71331e-06	0.00258822	0.000120114	2.09139e-18	5.305e-10	-1.34535e-09
17.5251	3.04363e-06	0.00174279	7.93769e-05	4.59632e-19	5.23378e-10	-4.30938e-10
17.7926	1.34094e-06	0.00115684	5.17147e-05	9.81633e-20	3.08109e-10	-5.6854e-11
18.0602	5.74107e-07	0.00075697	3.32165e-05	2.03729e-20	1.35312e-10	4.54255e-11
18.3278	2.38858e-07	0.000488278	2.10336e-05	4.10884e-21	4.3248e-11	4.73123e-11
18.5953	9.65716e-08	0.000310482	1.31308e-05	8.05285e-22	6.58512e-12	2.76029e-11
18.8629	3.79423e-08	0.00019462	8.08142e-06	1.53371e-22	-3.3292e-12	1.19284e-11
19.1304	1.44865e-08	0.00012026	4.90346e-06	2.83859e-23	-3.7414e-12	3.79313e-12
19.398	5.37483e-09	7.32545e-05	2.93315e-06	5.10536e-24	-2.16778e-12	6.37236e-13
19.6656	1.9379e-09	4.39876e-05	1.72976e-06	8.92304e-25	-9.21756e-13	-2.06565e-13
19.9331	6.78986e-10	2.6038e-05	1.00566e-06	1.51553e-25	-2.9092e-13	-2.58686e-13
20.2007	2.31183e-10	1.51938e-05	5.76417e-07	2.50137e-26	-5.23882e-14	-1.49229e-13
20.4682	7.64915e-11	8.73988e-06	3.25715e-07	4.01196e-27	1.06374e-14	-6.24404e-14
20.7358	2.45944e-11	4.95595e-06	1.81449e-07	6.25316e-28	1.56284e-14	-1.9521e-14
21.0033	7.68461e-12	2.77032e-06	9.96524e-08	9.47122e-29	9.00369e-15	-3.69401e-15
21.2709	2.33331e-12	1.52656e-06	5.39556e-08	1.39404e-29	3.70815e-15	4.35942e-16
21.5385	6.88471e-13	8.29242e-07	2.88006e-08	1.99393e-30	1.14647e-15	8.24348e-16
21.806	1.97408e-13	4.44047e-07	1.51558e-08	2.77146e-31	2.24734e-16	4.76068e-16
22.0736	5.50055e-14	2.34401e-07	7.86275e-09	3.74345e-32	-1.26274e-17	1.93067e-16
22.3411	1.4894e-14	1.21975e-07	4.02145e-09	4.91358e-33	-3.79251e-17	5.89514e-17
22.6087	3.91906e-15	6.25695e-08	2.02771e-09	6.26742e-34	-2.20564e-17	1.18431e-17
22.8763	1.00211e-15	3.16401e-08	1.00796e-09	7.7686e-35	-8.81315e-18	-1.19828e-19
23.1438	2.49008e-16	1.57723e-08	4.93962e-10	9.35753e-36	-2.65473e-18	-1.51984e-18
23.4114	6.01278e-17	7.75054e-09	2.38648e-10	1.09533e-36	-5.421e-19	-8.9524e-19
23.6789	1.41092e-17	3.7545e-09	1.13667e-10	1.24592e-37	-1.3452e-20	-3.52719e-19
23.9465	3.21729e-18	1.79289e-09	5.33735e-11	1.37721e-38	5.29641e-20	-1.04723e-19
24.214	7.12926e-19	8.43988e-10	2.47075e-11	1.47936e-39	3.18268e-20	-2.15966e-20
24.4816	1.53519e-19	3.91653e-10	1.12757e-11	1.54423e-40	1.23766e-20	-1.11485e-21
24.7492	3.2125e-20	1.79163e-10	5.07308e-12	1.56644e-41	3.61944e-21	1.60128e-21
25.0167	6.53265e-21	8.07935e-11	2.25015e-12	1.54412e-42	7.49951e-22	9.90803e-22
25.2843	1.29092e-21	3.59159e-11	9.83925e-13	1.47914e-43	5.4258e-23	3.8075e-22
25.5518	2.47898e-22	1.57391e-11	4.24155e-13	1.37691e-44	-4.18642e-23	1.0962e-22
25.8194	4.62605e-23	6.79912e-12	1.80259e-13	1.24555e-45	-2.70016e-23	2.27259e-23
26.087	8.38903e-24	2.8954e-12	7.55236e-14	1.09492e-46	-1.0269e-23	2.00974e-24
26.3545	1.47835e-24	1.21547e-12	3.11945e-14	9.35341e-48	-2.90965e-24	-9.41981e-25
26.6221	2.53167e-25	5.02996e-13	1.27023e-14	7.76461e-49	-6.01504e-25	-6.43936e-25
26.8896	4.21308e-26	2.05195e-13	5.09917e-15	6.26374e-50	-6.07009e-26	-2.42802e-25
27.1572	6.81329e-27	8.2518e-14	2.01802e-15	4.91034e-51	1.8108e-26	-6.76937e-26
27.4247	1.07073e-27	3.27125e-14	7.87339e-16	3.7407e-52	1.34325e-26	-1.39154e-26
27.6923	1.63517e-28	1.27838e-14	3.02836e-16	2.76923e-53	5.03242e-27	-1.53851e-27
27.9599	2.42668e-29	4.9248e-15	1.14832e-16	1.99218e-54	1.38054e-27	2.93767e-28
28.2274	3.49966e-30	1.87025e-15	4.29265e-17	1.39271e-55	2.81543e-28	2.44959e-28
28.495	4.9046e-31	7.0015e-16	1.58197e-17	9.46149e-57	3.32085e-29	9.14258e-29
28.7625	6.67951e-32	2.58383e-16	5.74752e-18	6.24628e-58	-3.93116e-30	2.46814e-29
29.0301	8.83994e-33	9.39984e-17	2.05859e-18	4.00725e-59	-3.90272e-30	4.9841e-30
29.2977	1.13689e-33	3.371e-17	7.2689e-19	2.49825e-60	-1.45574e-30	6.15693e-31
29.5652	1.42086e-34	1.19173e-17	2.53032e-19	1.51353e-61	-3.86847e-31	-4.12517e-32
29.8328	1.72563e-35	4.15317e-18	8.68339e-20	8.9106e-63	-7.72309e-32	-5.42769e-32
30.1003	2.03662e-36	1.4268e-18	2.93772e-20	5.09787e-64	-9.85827e-33	-2.03126e-32
30.3679	2.33579e-37	4.83201e-19	9.79807e-21	2.83422e-65	2.90101e-34	-5.31583e-33
30.6355	2.60329e-38	1.61315e-19	3.22164e-21	1.53124e-66	6.58229e-34	-1.04784e-33
30.903	2.81953e-39	5.30889e-20	1.04429e-21	8.03927e-68	2.48341e-34	-1.36819e-34
31.1706	2.96752e-40	1.72232e-20	3.33712e-22	4.1016e-69	6.40435e-35	1.79561e-37
31.4381	3.03511e-41	5.50818e-21	1.05131e-22	2.03355e-70	1.24514e-35	6.95113e-36
31.7057	3.01661e-42	1.73653e-21	3.26508e-23	9.79761e-72	1.65012e-36	2.65984e-36
31.9732	2.91358e-43	5.39684e-22	9.99687e-24	4.58722e-73	3.31141e-38	6.7648e-37
32.2408	2.73464e-44	1.6534e-22	3.01745e-24	2.0871e-74	-6.38058e-38	1.29614e-37
32.5084	2.49423e-45	4.99342e-23	8.9789e-25	9.22783e-76	-2.4951e-38	1.73271e-38
32.7759	2.21074e-46	1.48662e-23	2.63397e-25	3.96479e-77	-6.26481e-39	6.32544e-40
33.0435	1.90415e-47	4.363e-24	7.61738e-26	1.65541e-78	-1.18217e-39	-5.07823e-40
33.311	1.59379e-48	1.26227e-24	2.17173e-26	6.71668e-80	-1.58633e-40	-2.04945e-40
33.5786	1.29635e-49	3.59997e-25	6.10393e-27	2.6483e-81	-7.80948e-42	-5.08656e-41
33.8462	1.02466e-50	1.01211e-25	1.6913e-27	1.01472e-82	3.49211e-42	-9.44864e-42
34.1137	7.87046e-52	2.80505e-26	4.61992e-28	3.7782e-84	1.47354e-42	-1.26762e-42
34.3813	5.87468e-53	7.66364e-27	1.2441e-28	1.36707e-85	3.62068e-43	-7.49254e-44
34.6488	4.26121e-54	2.06401e-27	3.30277e-29	4.80683e-87	6.61874e-44	2.06413e-44
34.9164	3.00362e-55	5.47985e-28	8.64385e-30	1.64245e-88	8.84887e-45	9.27051e-45
35.1839	2.05741e-56	1.43419e-28	2.23018e-30	5.45367e-90	5.90816e-46	2.25934e-45
35.4515	1.3695e-57	3.70024e-29	5.67254e-31	1.75974e-91	-1.04023e-46	4.06391e-46
35.7191	8.85862e-59	9.41095e-30	1.42239e-31	5.5179e-93	-5.10103e-47	5.39986e-47
35.9866	5.56845e-60	2.35949e-30	3.51612e-32	1.68137e-94	-1.23586e-47	3.92458e-48
36.2542	3.40147e-61	5.83158e-31	8.56865e-33	4.97869e-96	-2.18732e-48	-4.40825e-49
36.5217	2.01912e-62	1.42081e-31	2.05857e-33	1.43262e-97	-2.88213e-49	-2.45348e-49
36.7893	1.16472e-63	3.41246e-32	4.87551e-34	4.00601e-99	-2.22493e-50	-5.92535e-50
37.0569	6.529e-65	8.07942e-33	1.13836e-34	1.08857e-100	1.52983e-51	-1.03207e-50
37.3244	3.5566e-66	1.88571e-33	2.62024e-35	2.87452e-102	1.0308e-51	-1.3461e-51
37.592	1.88272e-67	4.33863e-34	5.94573e-36	7.37629e-104	2.48984e-52	-1.08488e-52
37.8595	9.68507e-69	9.84038e-35	1.33007e-36	1.83939e-105	4.26929e-53	4.08713e-54
38.1271	4.84153e-70	2.20015e-35	2.93321e-37	4.45733e-107	5.5034e-54	3.77966e-54
38.3946	2.35194e-71	4.84926e-36	6.37699e-38	1.04964e-108	4.57249e-55	9.16821e-55
38.6622	1.11028e-72	1.05361e-36	1.36676e-38	2.40197e-110	-6.77478e-57	1.54835e-55
38.9298	5.09338e-74	2.25667e-37	2.88781e-39	5.34145e-112	-1.20819e-56	1.97021e-56
39.1973	2.27061e-75	4.76471e-38	6.01516e-40	1.15429e-113	-2.9579e-57	1.67145e-57
39.4649	9.83653e-77	9.91716e-39	1.23518e-40	2.42402e-115	-4.92327e-58	3.93287e-60
39.7324	4.141e-78	2.03479e-39	2.50041e-41	4.94675e-117	-6.17779e-59	-3.3619e-59
40	1.69408e-79	4.11561e-40	4.98995e-42	9.80998e-119	-5.31194e-60	-8.35961e-60
