-40	8.22969e-168	-2.60449e-84	-1.20264e-84	2.44699e-88	-1.40385e-44	-6.90078e-45
-39.7324	3.254e-167	-5.18504e-84	-2.37809e-84	7.13735e-87	-8.33718e-44	-1.36561e-44
-39.4649	6.33325e-167	-7.24412e-84	-3.29473e-84	2.02304e-85	-4.4586e-43	5.92717e-44
-39.1973	6.19769e-167	-7.18012e-84	-3.22843e-84	5.57234e-84	-2.14894e-42	9.76932e-43
-38.9298	6.05742e-168	-2.281e-84	-9.24373e-85	1.49154e-82	-9.17201e-42	8.06398e-42
-38.6622	9.85983e-167	8.9069e-84	4.38925e-84	3.87966e-81	-3.28257e-41	5.29352e-41
-38.3946	5.37609e-166	2.07972e-83	1.0251e-83	9.80659e-80	-8.06747e-41	3.02585e-40
-38.1271	4.11841e-166	1.81665e-83	9.04533e-84	2.40883e-78	5.26995e-41	1.55115e-39
-37.8595	6.75513e-167	-6.65428e-84	-4.8241e-84	5.74987e-77	2.44625e-39	7.17737e-39
-37.592	9.08647e-166	-2.41372e-83	-1.80567e-83	1.33375e-75	2.13088e-38	2.96595e-38
-37.3244	3.4881e-167	8.31554e-85	-5.84718e-84	3.00645e-74	1.37689e-37	1.05386e-37
-37.0569	5.44237e-166	1.78727e-83	1.49934e-83	6.58564e-73	7.59853e-37	2.84935e-37
-36.7893	1.86903e-166	-1.36706e-83	1.29543e-85	1.40187e-71	3.73643e-36	2.40359e-37
-36.5217	1.50733e-166	4.83419e-84	-1.12855e-83	2.89987e-70	1.65795e-35	-3.88685e-36
-36.2542	7.86105e-167	2.52788e-84	8.49825e-84	5.82927e-69	6.60749e-35	-3.82541e-35
-35.9866	4.40648e-167	-5.7337e-84	3.34507e-84	1.13871e-67	2.30383e-34	-2.46566e-34
-35.7191	2.42869e-166	6.91105e-84	-1.3968e-83	2.16161e-66	6.48704e-34	-1.31939e-33
-35.4515	4.02763e-166	-1.07274e-83	1.69614e-83	3.98754e-65	1.02126e-33	-6.23157e-33
-35.1839	8.11984e-166	2.19655e-83	-1.81522e-83	7.14821e-64	-3.52098e-33	-2.65033e-32
-34.9164	3.74702e-165	-4.99027e-83	3.54506e-83	1.24524e-62	-4.61732e-32	-1.01589e-31
-34.6488	2.49897e-164	1.19612e-82	-1.03357e-82	2.10801e-61	-3.03128e-31	-3.44839e-31
-34.3813	1.80861e-163	-3.10937e-82	2.90136e-82	3.46782e-60	-1.58253e-30	-9.81534e-31
-34.1137	1.35919e-162	9.69344e-82	-6.47738e-82	5.54375e-59	-7.19416e-30	-1.91876e-30
-33.8462	1.20553e-161	-3.41228e-81	6.41625e-82	8.61222e-58	-2.93298e-29	9.9395e-31
-33.5786	1.30066e-160	1.0892e-80	3.38104e-81	1.30014e-56	-1.0793e-28	3.67754e-29
-33.311	9.27807e-160	-2.21345e-80	-2.09254e-80	1.90735e-55	-3.54706e-28	2.54791e-28
-33.0435	5.29202e-159	-6.79545e-80	2.59655e-80	2.71915e-54	-1.00235e-27	1.30937e-27
-32.7759	1.56535e-156	1.22629e-78	2.48147e-79	3.76705e-53	-2.15549e-27	5.74668e-27
-32.5084	5.89559e-155	-7.64715e-78	-6.90702e-79	5.07145e-52	-1.44761e-27	2.24733e-26
-32.2408	3.5835e-154	1.8885e-77	-1.30647e-78	6.6348e-51	1.85851e-26	7.93057e-26
-31.9732	2.97234e-153	5.44286e-77	3.14109e-78	8.43504e-50	1.45496e-25	2.51359e-25
-31.7057	2.19441e-151	-3.46058e-76	-3.15729e-76	1.0421e-48	7.45843e-25	6.97008e-25
-31.4381	5.18272e-149	-5.9428e-75	4.0633e-75	1.25112e-47	3.17406e-24	1.56093e-24
-31.1706	7.13964e-147	6.20379e-74	-5.73666e-74	1.45965e-46	1.19224e-23	1.95496e-24
-30.903	5.37376e-146	-2.18682e-73	-7.69156e-74	1.65487e-45	4.03263e-23	-5.35386e-24
-30.6355	2.63521e-144	-1.419e-73	1.61712e-72	1.82324e-44	1.22931e-22	-5.58603e-23
-30.3679	6.24306e-143	-1.95976e-72	-7.6544e-72	1.95203e-43	3.31861e-22	-2.9167e-22
-30.1003	1.16736e-139	-1.62802e-70	3.00386e-70	2.03092e-42	7.51249e-22	-1.21101e-21
-29.8328	5.03965e-138	1.62596e-69	-1.54787e-69	2.05336e-41	1.16813e-21	-4.37825e-21
-29.5652	1.56468e-136	-8.13365e-69	9.50328e-69	2.01744e-40	-4.79852e-22	-1.41955e-20
-29.2977	1.41035e-134	1.18285e-67	-1.05845e-68	1.92619e-39	-1.41515e-20	-4.15442e-20
-29.0301	7.09894e-133	-6.38599e-67	5.49623e-67	1.78715e-38	-7.79827e-20	-1.08583e-19
-28.7625	1.01946e-131	3.01375e-66	1.0545e-66	1.61134e-37	-3.18721e-19	-2.44032e-19
-28.495	1.30037e-129	1.43534e-65	-3.3081e-65	1.41182e-36	-1.11248e-18	-4.17383e-19
-28.2274	1.72383e-127	3.32338e-64	2.48866e-64	1.20208e-35	-3.45992e-18	-2.23167e-19
-27.9599	6.78845e-126	-2.20779e-63	-1.38352e-63	9.9461e-35	-9.71014e-18	2.27467e-18
-27.6923	2.01015e-124	2.42661e-63	1.39688e-62	7.99716e-34	-2.4476e-17	1.41648e-17
-27.4247	6.4915e-123	8.00335e-62	-9.2808e-63	6.2486e-33	-5.39776e-17	5.77496e-17
-27.1572	2.92251e-121	3.4084e-61	-4.19619e-61	4.74453e-32	-9.61403e-17	1.95454e-16
-26.8896	1.95484e-119	2.95549e-60	-3.28839e-60	3.5008e-31	-9.57907e-17	5.8387e-16
-26.6221	1.40481e-117	3.74488e-59	1.54763e-60	2.51019e-30	2.08381e-16	1.57059e-15
-26.3545	8.75883e-116	-7.75659e-60	2.95852e-58	1.74908e-29	1.72983e-15	3.80768e-15
-26.087	4.66359e-114	-1.84768e-57	-1.11788e-57	1.18434e-28	7.18363e-15	8.17492e-15
-25.8194	2.19917e-112	1.47908e-56	-1.07227e-57	7.79303e-28	2.37209e-14	1.47181e-14
-25.5518	9.52308e-111	-9.26601e-56	3.06135e-56	4.98311e-27	6.82038e-14	1.82032e-14
-25.2843	3.88942e-109	6.04982e-55	-1.51456e-55	3.09642e-26	1.75866e-13	-5.92974e-15
-25.0167	1.52528e-107	-3.88166e-54	-4.307e-55	1.86974e-25	4.09322e-13	-1.39391e-13
-24.7492	5.80806e-106	1.81673e-53	1.58353e-53	1.09716e-24	8.50826e-13	-6.10942e-13
-24.4816	2.16145e-104	-3.42941e-54	-1.46979e-52	6.25631e-24	1.52076e-12	-1.98585e-12
-24.214	7.88713e-103	-7.51361e-52	4.73465e-52	3.46683e-23	2.06876e-12	-5.51258e-12
-23.9465	2.82546e-101	4.22893e-51	3.22036e-51	1.86686e-22	8.80631e-13	-1.36349e-11
-23.6789	9.9368e-100	1.39009e-50	-2.82921e-50	9.76907e-22	-7.12622e-12	-3.04323e-11
-23.4114	3.42831e-98	-1.69789e-49	-7.38566e-50	4.96775e-21	-3.52986e-11	-6.10062e-11
-23.1438	1.15914e-96	-5.13807e-49	9.46118e-49	2.45488e-20	-1.14456e-10	-1.06998e-10
-22.8763	3.83624e-95	4.71476e-48	4.01664e-48	1.17886e-19	-3.08079e-10	-1.51571e-10
-22.6087	1.24138e-93	3.00819e-47	-1.83428e-47	5.50126e-19	-7.3191e-10	-1.20143e-10
-22.3411	3.92358e-92	-2.58097e-47	-1.96392e-46	2.49473e-18	-1.56577e-09	2.07604e-10
-22.0736	1.21018e-90	-1.0231e-45	-4.04282e-46	1.09939e-17	-3.0189e-09	1.37118e-09
-21.806	3.63972e-89	-4.95997e-45	3.43451e-45	4.70804e-17	-5.15464e-09	4.5288e-09
-21.5385	1.06674e-87	-1.88122e-45	3.26068e-44	1.95927e-16	-7.38082e-09	1.18933e-08
-21.2709	3.04505e-86	1.22986e-43	1.23793e-43	7.92341e-16	-7.26093e-09	2.7196e-08
-21.0033	8.46219e-85	9.19849e-43	9.83437e-45	3.11382e-15	1.87563e-09	5.57701e-08
-20.7358	2.28861e-83	3.62516e-42	-3.12159e-42	1.18916e-14	3.51443e-08	1.0323e-07
-20.4682	6.02197e-82	4.63071e-42	-2.40988e-41	4.41316e-14	1.22515e-07	1.70651e-07
-20.2007	1.54128e-80	-5.20992e-41	-1.12688e-40	1.59156e-13	3.16717e-07	2.42584e-07
-19.9331	3.83641e-79	-5.25425e-40	-3.27977e-40	5.57778e-13	6.99206e-07	2.62466e-07
-19.6656	9.28538e-78	-3.0467e-39	-5.47265e-41	1.8996e-12	1.37539e-06	8.895e-08
-19.398	2.18503e-76	-1.30722e-38	6.90074e-39	6.28679e-12	2.44136e-06	-5.71463e-07
-19.1304	4.99866e-75	-4.07847e-38	5.77518e-38	2.0219e-11	3.8922e-06	-2.25161e-06
-18.8629	1.11162e-73	-5.82102e-38	3.28289e-37	6.31906e-11	5.42911e-06	-5.80649e-06
-18.5953	2.40293e-72	3.61689e-37	1.50735e-36	1.91915e-10	6.11667e-06	-1.24299e-05
-18.3278	5.04876e-71	4.13012e-36	5.78184e-36	5.66411e-10	3.85708e-06	-2.34848e-05
-18.0602	1.03102e-69	2.6682e-35	1.78633e-35	1.62449e-09	-5.29422e-06	-3.99557e-05
-17.7926	2.04634e-68	1.3854e-34	3.56376e-35	4.52759e-09	-2.78208e-05	-6.12665e-05
-17.5251	3.94734e-67	6.26925e-34	-4.12291e-35	1.22625e-08	-7.30821e-05	-8.31958e-05
-17.2575	7.40009e-66	2.54217e-33	-9.68234e-34	3.22744e-08	-0.000152637	-9.47428e-05
-16.99	1.34824e-64	9.28338e-33	-6.97447e-33	8.25466e-08	-0.00027758	-7.41353e-05
-16.7224	2.38722e-63	3.00568e-32	-3.85202e-32	2.05166e-07	-0.000452697	1.51861e-05
-16.4548	4.10774e-62	8.15525e-32	-1.85544e-31	4.95534e-07	-0.000666402	0.00022681
-16.1873	6.86907e-61	1.48325e-31	-8.15418e-31	1.16307e-06	-0.00087612	0.000628877
-15.9197	1.11628e-59	-1.36693e-31	-3.33828e-30	2.6528e-06	-0.000990491	0.00129295
-15.6522	1.76289e-58	-3.2767e-30	-1.28667e-29	5.87984e-06	-0.000852363	0.00227009
-15.3846	2.70554e-57	-2.24475e-29	-4.69217e-29	1.26646e-05	-0.000229977	0.00355129
-15.1171	4.0351e-56	-1.18712e-28	-1.62044e-28	2.65082e-05	0.00117302	0.0050132
-14.8495	5.84826e-55	-5.52945e-28	-5.28278e-28	5.39179e-05	0.00367634	0.00635629
-14.5819	8.23701e-54	-2.37504e-27	-1.61127e-27	0.000106574	0.00754012	0.00705127
-14.3144	1.12741e-52	-9.61366e-27	-4.50762e-27	0.000204706	0.0128369	0.00631832
-14.0468	1.49956e-51	-3.71175e-26	-1.10386e-26	0.000382099	0.0192887	0.00316962
-13.7793	1.93826e-50	-1.37711e-25	-2.04545e-26	0.000693083	0.0260987	-0.00345585
-13.5117	2.4346e-49	-4.93374e-25	-6.47288e-27	0.00122168	0.0318263	-0.0144489
-13.2441	2.97174e-48	-1.71261e-24	1.96756e-25	0.00209264	0.0343709	-0.0301874
-12.9766	3.52501e-47	-5.77333e-24	1.38516e-24	0.00348334	0.0311297	-0.0501426
-12.709	4.06326e-46	-1.89318e-23	6.92204e-24	0.00563457	0.0193752	-0.0725202
-12.4415	4.55151e-45	-6.04545e-23	2.9946e-23	0.00885707	-0.00314722	-0.0940594
-12.1739	4.95452e-44	-1.88118e-22	1.18983e-22	0.0135295	-0.0374677	-0.110117
-11.9064	5.24098e-43	-5.70581e-22	4.45573e-22	0.0200835	-0.0826286	-0.115135
-11.6388	5.38751e-42	-1.68676e-21	1.59448e-21	0.0289708	-0.135108	-0.103521
-11.3712	5.38182e-41	-4.85763e-21	5.49742e-21	0.0406111	-0.188655	-0.0708539
-11.1037	5.22438e-40	-1.36148e-20	1.83596e-20	0.0553215	-0.234712	-0.0152198
-10.8361	4.92839e-39	-3.70789e-20	5.96116e-20	0.0732329	-0.263504	0.0616324
-10.5686	4.51793e-38	-9.78827e-20	1.88675e-19	0.0942069	-0.265705	0.153648
-10.301	4.02475e-37	-2.49523e-19	5.83278e-19	0.117767	-0.234419	0.250628
-10.0334	3.4842e-36	-6.10615e-19	1.7639e-18	0.143063	-0.167061	0.339343
-9.76589	2.9311e-35	-1.42038e-18	5.22432e-18	0.168887	-0.066672	0.405514
-9.49833	2.3962e-34	-3.08546e-18	1.5169e-17	0.193744	0.0577425	0.43636
-9.23077	1.90361e-33	-6.03298e-18	4.32113e-17	0.215986	0.192081	0.423191
-8.96321	1.4696e-32	-9.62345e-18	1.20844e-16	0.233984	0.319175	0.363471
-8.69565	1.10251e-31	-7.56046e-18	3.31955e-16	0.246326	0.421639	0.261814
-8.42809	8.03772e-31	2.82357e-17	8.96088e-16	0.251999	0.484973	0.129614
-8.16054	5.69437e-30	1.98952e-16	2.37798e-15	0.250525	0.500246	-0.0166953
-7.89298	3.92033e-29	8.31886e-16	6.20574e-15	0.242029	0.465756	-0.158431
-7.62542	2.62279e-28	2.91482e-15	1.59306e-14	0.22722	0.387291	-0.277896
-7.35786	1.70517e-27	9.2817e-15	4.02371e-14	0.207296	0.276944	-0.361384
-7.0903	1.0773e-26	2.77426e-14	1.00017e-13	0.183781	0.150761	-0.401312
-6.82274	6.6141e-26	7.91064e-14	2.4471e-13	0.158333	0.0257824	-0.397075
-6.55518	3.9461e-25	2.17201e-13	5.89435e-13	0.132559	-0.0828897	-0.354525
-6.28763	2.28786e-24	5.77616e-13	1.39793e-12	0.107847	-0.164371	-0.284305
-6.02007	1.289e-23	1.49363e-12	3.26483e-12	0.0852652	-0.21324	-0.199484
-5.75251	7.05738e-23	3.76592e-12	7.50944e-12	0.0655088	-0.229618	-0.113067
-5.48495	3.75489e-22	9.27682e-12	1.70126e-11	0.0489093	-0.218222	-0.0358978
-5.21739	1.9414e-21	2.23606e-11	3.79657e-11	0.0354852	-0.186749	0.0246959
-4.94983	9.75428e-21	5.28004e-11	8.3465e-11	0.0250189	-0.144037	0.0653618
-4.68227	4.76256e-20	1.22253e-10	1.80776e-10	0.0171416	-0.0983864	0.0863813
-4.41472	2.25969e-19	2.77761e-10	3.8577e-10	0.011413	-0.0563633	0.0907533
-4.14716	1.04189e-18	6.19636e-10	8.11137e-10	0.00738433	-0.0221947	0.0830164
-3.8796	4.66831e-18	1.35792e-09	1.68059e-09	0.00464287	0.00226697	0.0681009
-3.61204	2.03264e-17	2.92458e-09	3.43122e-09	0.00283679	0.0171479	0.0504256
-3.34448	8.60055e-17	6.19237e-09	6.90363e-09	0.00168434	0.0239233	0.0333469
-3.07692	3.53635e-16	1.28939e-08	1.36887e-08	0.000971847	0.0247425	0.0189646
-2.80936	1.41302e-15	2.64095e-08	2.67499e-08	0.000544916	0.0218516	0.00821115
-2.54181	5.48663e-15	5.32204e-08	5.15191e-08	0.00029691	0.0171948	0.00111795
-2.27425	2.07027e-14	1.05541e-07	9.77944e-08	0.000157212	0.0122094	-0.00285351
-2.00669	7.59122e-14	2.05999e-07	1.82966e-07	8.08925e-05	0.00778674	-0.00450101
-1.73913	2.70496e-13	3.95797e-07	3.37403e-07	4.04479e-05	0.00434519	-0.00464405
-1.47157	9.36642e-13	7.48686e-07	6.13279e-07	1.96538e-05	0.00195878	-0.00397706
-1.20401	3.15174e-12	1.39443e-06	1.09877e-06	9.28031e-06	0.000494742	-0.00300592
-0.936455	1.0306e-11	2.55747e-06	1.94046e-06	4.25836e-06	-0.000270358	-0.00204579
-0.668896	3.27489e-11	4.61932e-06	3.37798e-06	1.89883e-06	-0.000569313	-0.00125487
-0.401338	1.01126e-10	8.21743e-06	5.79658e-06	8.22797e-07	-0.000598409	-0.000681692
-0.133779	3.03457e-10	1.43985e-05	9.80512e-06	3.46469e-07	-0.000500002	-0.000310591
0.133779	8.84901e-10	2.48514e-05	1.63496e-05	1.41775e-07	-0.000363746	-9.72818e-05
0.401338	2.50758e-09	4.22533e-05	2.68745e-05	5.63765e-08	-0.000237307	7.87922e-06
0.668896	6.90526e-09	7.07739e-05	4.35467e-05	2.17852e-08	-0.000139743	4.75082e-05
0.936455	1.84786e-08	0.000116791	6.95597e-05	8.18067e-09	-7.34956e-05	5.27168e-05
1.20401	4.80531e-08	0.000189882	0.000109534	2.98524e-09	-3.32416e-05	4.33617e-05
1.47157	1.21433e-07	0.000304174	0.000170034	1.05861e-09	-1.14474e-05	3.0456e-05
1.73913	2.98207e-07	0.000480103	0.000260208	3.64799e-10	-1.24082e-06	1.90594e-05
2.00669	7.11644e-07	0.000746687	0.000392558	1.22162e-10	2.51447e-06	1.07629e-05
2.27425	1.65033e-06	0.00114432	0.000583835	3.97543e-11	3.15489e-06	5.45903e-06
2.54181	3.71915e-06	0.00172812	0.000856015	1.25717e-11	2.58888e-06	2.42269e-06
2.80936	8.1448e-06	0.00257174	0.00123731	3.8634e-12	1.76321e-06	8.68606e-07
3.07692	1.73333e-05	0.00377155	0.00176314	1.15374e-12	1.05985e-06	1.74533e-07
3.34448	3.58463e-05	0.00545082	0.00247688	3.3482e-13	5.73655e-07	-7.57605e-08
3.61204	7.20399e-05	0.00776356	0.00343032	9.44231e-14	2.79842e-07	-1.2693e-07
3.8796	0.000140691	0.0108975	0.00468359	2.58767e-14	1.20901e-07	-1.06112e-07
4.14716	0.000267006	0.0150752	0.00630433	6.89134e-15	4.38095e-08	-7.05129e-08
4.41472	0.000492427	0.0205533	0.00836593	1.78346e-15	1.09145e-08	-4.07962e-08
4.68227	0.000882523	0.0276177	0.0109448	4.48523e-16	-7.00978e-10	-2.11668e-08
4.94983	0.001537	0.036575	0.0141162	1.09615e-16	-3.3691e-09	-9.91285e-09
5.21739	0.00260128	0.0477399	0.0179494	2.60329e-17	-2.97347e-09	-4.14624e-09
5.48495	0.00427821	0.061416	0.0225009	6.0081e-18	-1.94516e-09	-1.49145e-09
5.75251	0.00683758	0.0778736	0.0278082	1.34746e-18	-1.08655e-09	-4.08503e-10
6.02007	0.0106196	0.0973221	0.0338817	2.93669e-19	-5.40764e-10	-3.52518e-11
6.28763	0.0160278	0.119881	0.0406986	6.21963e-20	-2.42857e-10	5.67154e-11
6.55518	0.0235075	0.145549	0.0481966	1.28007e-20	-9.7963e-11	5.66037e-11
6.82274	0.0335045	0.174179	0.0562698	2.56017e-21	-3.45761e-11	3.69414e-11
7.0903	0.0464047	0.20545	0.0647676	4.97585e-22	-9.85933e-12	2.00095e-11
7.35786	0.0624577	0.238864	0.0734959	9.39788e-23	-1.57603e-12	9.5653e-12
7.62542	0.081691	0.273734	0.0822228	1.72487e-23	5.43417e-13	4.11745e-12
7.89298	0.103831	0.309203	0.0906871	3.07643e-24	7.24382e-13	1.5974e-12
8.16054	0.128245	0.344269	0.0986102	5.33213e-25	4.81634e-13	5.48855e-13
8.42809	0.153929	0.377828	0.105712	8.98088e-26	2.54538e-13	1.58174e-13
8.69565	0.179542	0.408729	0.111724	1.46994e-26	1.17119e-13	3.13445e-14
8.96321	0.203504	0.435835	0.116412	2.33801e-27	4.83267e-14	-1.59629e-15
9.23077	0.224153	0.458097	0.119583	3.61374e-28	1.79992e-14	-6.11571e-15
9.49833	0.239927	0.474616	0.121106	5.42789e-29	5.98737e-15	-4.29306e-15
9.76589	0.249563	0.484708	0.120917	7.92263e-30	1.71287e-15	-2.23354e-15
10.0334	0.252257	0.487945	0.119024	1.12375e-30	3.7314e-16	-9.9223e-16
10.301	0.247782	0.484191	0.115505	1.54895e-31	2.56355e-17	-3.92731e-16
10.5686	0.236517	0.473608	0.110508	2.07476e-32	-3.27449e-17	-1.40269e-16
10.8361	0.21939	0.456646	0.104235	2.7006e-33	-2.59952e-17	-4.49984e-17
11.1037	0.197759	0.434009	0.0969287	3.41601e-34	-1.34928e-17	-1.26311e-17
11.3712	0.173229	0.406611	0.0888621	4.19895e-35	-5.81238e-18	-2.86457e-18
11.6388	0.147458	0.375509	0.0803164	5.01564e-36	-2.20974e-18	-3.64283e-19
11.9064	0.121977	0.341841	0.0715673	5.82205e-37	-7.56473e-19	9.97726e-20
12.1739	0.0980514	0.306755	0.0628707	6.56735e-38	-2.33401e-19	1.05817e-19
12.4415	0.0765937	0.271346	0.0544508	7.19892e-39	-6.37784e-20	5.59575e-20
12.709	0.0581428	0.236604	0.0464926	7.66848e-40	-1.46181e-20	2.35193e-20
12.9766	0.0428907	0.203369	0.0391368	7.93807e-41	-2.30413e-21	8.60649e-21
13.2441	0.0307464	0.172312	0.0324795	7.98518e-42	9.30468e-23	2.82427e-21
13.5117	0.0214185	0.143918	0.0265738	7.80581e-43	2.84163e-22	8.3656e-22
13.7793	0.0144993	0.11849	0.0214349	7.41507e-44	1.58656e-22	2.21312e-22
14.0468	0.00953831	0.0961653	0.0170455	6.84506e-45	6.56477e-23	5.03531e-23
14.3144	0.00609759	0.0769351	0.0133635	6.14048e-46	2.31934e-23	8.72441e-24
14.5819	0.003788	0.0606738	0.0103289	5.35293e-47	7.3008e-24	4.77186e-25
14.8495	0.00228678	0.0471681	0.00787054	4.53467e-48	2.07376e-24	-4.83919e-25
15.1171	0.00134154	0.0361466	0.00591258	3.73304e-49	5.29077e-25	-3.05584e-25
15.3846	0.000764797	0.0273061	0.00437895	2.98637e-50	1.18112e-25	-1.26148e-25
15.6522	0.000423694	0.020334	0.0031973	2.32161e-51	2.13039e-26	-4.32175e-26
15.9197	0.000228099	0.0149266	0.00230153	1.75387e-52	2.15526e-27	-1.30668e-26
16.1873	0.000119332	0.0108011	0.00163331	1.28757e-53	-4.68896e-28	-3.55751e-27
16.4548	6.06676e-05	0.00770466	0.00114272	9.18563e-55	-3.95671e-28	-8.7293e-28
16.7224	2.99723e-05	0.00541766	0.00078819	6.3681e-56	-1.66413e-28	-1.89704e-28
16.99	1.43895e-05	0.0037553	0.00053597	4.29017e-57	-5.56269e-29	-3.45807e-29
17.2575	6.71331e-06	0.00256597	0.000359309	2.80869e-58	-1.61887e-29	-4.33551e-30
17.5251	3.04363e-06	0.00172836	0.000237473	1.78689e-59	-4.22488e-30	1.38828e-31
17.7926	1.34094e-06	0.00114761	0.000154732	1.10472e-60	-9.9524e-31	3.37969e-31
18.0602	5.74107e-07	0.000751151	9.93942e-05	6.63705e-62	-2.09393e-31	1.50084e-31
18.3278	2.38858e-07	0.00048466	6.29449e-05	3.8749e-63	-3.78893e-32	4.93892e-32
18.5953	9.65716e-08	0.000308265	3.92986e-05	2.19841e-64	-5.22142e-33	1.38772e-32
18.8629	3.79423e-08	0.00019328	2.41886e-05	1.21205e-65	-2.27364e-34	3.47402e-33
19.1304	1.44865e-08	0.000119461	1.46778e-05	6.4938e-67	1.83059e-34	7.84773e-34
19.398	5.37483e-09	7.27855e-05	8.78068e-06	3.38096e-68	9.19505e-35	1.59231e-34
19.6656	1.9379e-09	4.37159e-05	5.17859e-06	1.71058e-69	3.01889e-35	2.82704e-35
19.9331	6.78986e-10	2.58828e-05	3.011e-06	8.41033e-71	8.22533e-36	4.05552e-36
20.2007	2.31183e-10	1.51064e-05	1.72594e-06	4.01833e-72	1.97783e-36	3.26399e-37
20.4682	7.64915e-11	8.69139e-06	9.75337e-07	1.8657e-73	4.28239e-37	-5.64066e-38
20.7358	2.45944e-11	4.92941e-06	5.43375e-07	8.41788e-75	8.35686e-38	-3.78704e-38
21.0033	7.68461e-12	2.756e-06	2.98442e-07	3.69086e-76	1.44434e-38	-1.26679e-38
21.2709	2.33331e-12	1.51894e-06	1.61598e-07	1.57259e-77	2.09394e-39	-3.36769e-39
21.5385	6.88471e-13	8.25245e-07	8.62629e-08	6.51131e-79	2.08815e-40	-7.79441e-40
21.806	1.97408e-13	4.4198e-07	4.5397e-08	2.6199e-80	-5.30197e-42	-1.61774e-40
22.0736	5.50055e-14	2.33347e-07	2.35529e-08	1.02439e-81	-1.0289e-41	-3.03072e-41
22.3411	1.4894e-14	1.21445e-07	1.20469e-08	3.89233e-83	-3.63413e-42	-5.07114e-42
22.6087	3.91906e-15	6.2307e-08	6.07462e-09	1.4372e-84	-9.51115e-43	-7.29784e-43
22.8763	1.00211e-15	3.15118e-08	3.01979e-09	5.15692e-86	-2.12535e-43	-7.99886e-44
23.1438	2.49008e-16	1.57104e-08	1.47995e-09	1.79815e-87	-4.23139e-44	-2.77295e-45
23.4114	6.01278e-17	7.72117e-09	7.1504e-10	6.09295e-89	-7.60181e-45	1.77254e-45
23.6789	1.41092e-17	3.74074e-09	3.40585e-10	2.00628e-90	-1.22667e-45	7.08216e-46
23.9465	3.21729e-18	1.78654e-09	1.59931e-10	6.41977e-92	-1.73205e-46	1.84927e-46
24.214	7.12926e-19	8.41097e-10	7.40378e-11	1.99624e-93	-1.97616e-47	4.00714e-47
24.4816	1.53519e-19	3.90355e-10	3.37898e-11	6.03209e-95	-1.26528e-48	7.6629e-48
24.7492	3.2125e-20	1.78589e-10	1.5203e-11	1.77128e-96	1.73688e-49	1.31951e-48
25.0167	6.53265e-21	8.0543e-11	6.74346e-12	5.05443e-98	9.27795e-50	2.04783e-49
25.2843	1.29092e-21	3.58081e-11	2.94882e-12	1.40159e-99	2.46835e-50	2.8148e-50
25.5518	2.47898e-22	1.56934e-11	1.27123e-12	3.77687e-101	5.21876e-51	3.2455e-51
25.8194	4.62605e-23	6.78001e-12	5.40272e-13	9.89027e-103	9.60601e-52	2.57437e-52
26.087	8.38903e-24	2.88752e-12	2.26365e-13	2.5168e-104	1.58559e-52	-5.18301e-54
26.3545	1.47835e-24	1.21227e-12	9.35014e-14	6.22375e-106	2.36239e-53	-8.01782e-54
26.6221	2.53167e-25	5.01714e-13	3.80746e-14	1.49562e-107	3.14367e-54	-2.25244e-54
26.8896	4.21308e-26	2.04688e-13	1.52849e-14	3.49262e-109	3.59799e-55	-4.68836e-55
27.1572	6.81329e-27	8.23207e-14	6.04924e-15	7.92589e-111	3.13657e-56	-8.33191e-56
27.4247	1.07073e-27	3.26367e-14	2.36019e-15	1.74786e-112	8.65666e-58	-1.31923e-56
27.6923	1.63517e-28	1.27551e-14	9.07828e-16	3.74569e-114	-4.39326e-58	-1.88485e-57
27.9599	2.42668e-29	4.91409e-15	3.44246e-16	7.80044e-116	-1.39626e-58	-2.41887e-58
28.2274	3.49966e-30	1.86631e-15	1.28689e-16	1.57859e-117	-2.89961e-59	-2.71628e-59
28.495	4.9046e-31	6.9872e-16	4.74269e-17	3.10446e-119	-4.99693e-60	-2.46481e-60
28.7625	6.67951e-32	2.57872e-16	1.72312e-17	5.93288e-121	-7.59951e-61	-1.25548e-61
29.0301	8.83994e-33	9.38182e-17	6.17183e-18	1.10182e-122	-1.04071e-61	1.36898e-62
29.2977	1.13689e-33	3.36473e-17	2.17932e-18	1.98846e-124	-1.2845e-62	5.81825e-63
29.5652	1.42086e-34	1.18958e-17	7.58639e-19	3.48729e-126	-1.40415e-63	1.23112e-63
29.8328	1.72563e-35	4.14591e-18	2.6035e-19	5.94325e-128	-1.28762e-64	2.07009e-64
30.1003	2.03662e-36	1.42438e-18	8.8082e-20	9.84291e-130	-8.12394e-66	3.03033e-65
30.3679	2.33579e-37	4.82407e-19	2.93781e-20	1.58412e-131	1.29692e-67	3.97798e-66
30.6355	2.60329e-38	1.61058e-19	9.65979e-21	2.4775e-133	1.59929e-67	4.71352e-67
30.903	2.81953e-39	5.30068e-20	3.13126e-21	3.76535e-135	3.5735e-68	4.98835e-68
31.1706	2.96752e-40	1.71974e-20	1.00064e-21	5.5611e-137	5.91558e-69	4.54059e-69
31.4381	3.03511e-41	5.50015e-21	3.15239e-22	7.98142e-139	8.36078e-70	3.14826e-70
31.7057	3.01661e-42	1.73408e-21	9.79062e-23	1.11317e-140	1.0528e-70	6.91743e-72
31.9732	2.91358e-43	5.38943e-22	2.99769e-23	1.50873e-142	1.19626e-71	-2.78719e-72
32.2408	2.73464e-44	1.6512e-22	9.04834e-24	1.98711e-144	1.22091e-72	-7.04615e-73
32.5084	2.49423e-45	4.98696e-23	2.69251e-24	2.5433e-146	1.09038e-73	-1.16377e-73
32.7759	2.21074e-46	1.48476e-23	7.89862e-25	3.16327e-148	7.86927e-75	-1.595e-74
33.0435	1.90415e-47	4.35768e-24	2.28429e-25	3.82331e-150	3.18876e-76	-1.92915e-75
33.311	1.59379e-48	1.26077e-24	6.51261e-26	4.49062e-152	-2.76194e-77	-2.10103e-76
33.5786	1.29635e-49	3.59583e-25	1.83048e-26	5.12551e-154	-9.33943e-78	-2.06234e-77
33.8462	1.02466e-50	1.01098e-25	5.072e-27	5.68502e-156	-1.57173e-78	-1.79295e-78
34.1137	7.87046e-52	2.80201e-26	1.38548e-27	6.12761e-158	-2.10184e-79	-1.30762e-79
34.3813	5.87468e-53	7.65556e-27	3.73098e-28	6.41821e-160	-2.44695e-80	-6.56222e-81
34.6488	4.26121e-54	2.06189e-27	9.90493e-29	6.53282e-162	-2.55459e-81	8.30666e-83
34.9164	3.00362e-55	5.4744e-28	2.5923e-29	6.46177e-164	-2.40728e-82	8.16558e-83
35.1839	2.05741e-56	1.43281e-28	6.68839e-30	6.21107e-166	-2.02611e-83	1.45118e-83
35.4515	1.3695e-57	3.69676e-29	1.70123e-30	5.80156e-168	-1.46674e-84	1.91056e-84
35.7191	8.85862e-59	9.40235e-30	4.26587e-31	5.26608e-170	-8.0886e-86	2.14752e-85
35.9866	5.56845e-60	2.3574e-30	1.05452e-31	4.64509e-172	-1.4149e-87	2.1506e-86
36.2542	3.40147e-61	5.82655e-31	2.56986e-32	3.98167e-174	4.52621e-88	1.9434e-87
36.5217	2.01912e-62	1.41962e-31	6.17397e-33	3.31665e-176	9.10178e-89	1.57741e-88
36.7893	1.16472e-63	3.40967e-32	1.46226e-33	2.68472e-178	1.1956e-89	1.12039e-89
37.0569	6.529e-65	8.07301e-33	3.41417e-34	2.11184e-180	1.30318e-90	6.43091e-91
37.3244	3.5566e-66	1.88426e-33	7.85869e-35	1.61431e-182	1.25353e-91	2.0731e-92
37.592	1.88272e-67	4.33537e-34	1.78327e-35	1.19916e-184	1.08573e-92	-1.42632e-93
37.8595	9.68507e-69	9.83319e-35	3.98922e-36	8.6563e-187	8.4757e-94	-3.83739e-94
38.1271	4.84153e-70	2.19859e-35	8.79754e-37	6.07227e-189	5.86018e-95	-5.13624e-95
38.3946	2.35194e-71	4.84591e-36	1.91266e-37	4.13936e-191	3.39909e-96	-5.46258e-96
38.6622	1.11028e-72	1.0529e-36	4.09935e-38	2.74208e-193	1.35682e-97	-5.05765e-97
38.9298	5.09338e-74	2.25519e-37	8.66153e-39	1.76518e-195	-1.36184e-99	-4.1992e-98
39.1973	2.27061e-75	4.76167e-38	1.80417e-39	1.10424e-197	-1.06717e-99	-3.14699e-99
39.4649	9.83653e-77	9.91101e-39	3.70476e-40	6.71278e-200	-1.50848e-100	-2.10648e-100
39.7324	4.141e-78	2.03356e-39	7.49973e-41	3.96556e-202	-1.57947e-101	-1.21278e-101
40	1.69408e-79	4.1132e-40	1.49669e-41	2.27652e-204	-1.41193e-102	-5.31941e-103
