-40	1.35042e-167	2.47698e-84	-2.71454e-84	1.80563e-116	-4.48189e-59	-1.26679e-58
-39.7324	5.99166e-167	5.21968e-84	-5.71591e-84	8.76428e-115	-6.96801e-58	-6.25218e-58
-39.4649	1.47264e-166	8.17535e-84	-8.96812e-84	4.13399e-113	-6.25755e-57	-1.47749e-57
-39.1973	2.41053e-166	1.03895e-83	-1.15374e-83	1.8949e-111	-4.19815e-56	1.15089e-56
-38.9298	2.17504e-166	9.55011e-84	-1.12383e-83	8.44046e-110	-2.09175e-55	2.01619e-55
-38.6622	4.15349e-167	2.87272e-84	-5.76909e-84	3.65352e-108	-5.72807e-55	1.82357e-54
-38.3946	9.25397e-167	-9.01923e-84	3.34563e-84	1.53681e-106	2.4031e-54	1.21617e-53
-38.1271	3.54996e-166	-1.7362e-83	7.31838e-84	6.28191e-105	5.07268e-53	6.08992e-53
-37.8595	1.14425e-166	-1.05674e-83	-1.65989e-84	2.49533e-103	4.64482e-52	1.8382e-52
-37.592	1.50537e-166	5.07546e-84	-1.11703e-83	9.63227e-102	3.0803e-51	-3.79539e-52
-37.3244	2.7058e-167	5.09705e-84	-1.03828e-84	3.61321e-100	1.54481e-50	-1.1076e-50
-37.0569	6.14508e-167	-4.01508e-84	6.73275e-84	1.31711e-98	4.98493e-50	-1.03374e-49
-36.7893	4.66895e-167	3.80476e-84	-5.67568e-84	4.66567e-97	-3.42144e-50	-6.822e-49
-36.5217	1.57983e-167	-1.45739e-84	3.69788e-84	1.60609e-95	-2.09318e-48	-3.41753e-48
-36.2542	4.66066e-167	-9.3036e-85	-6.76321e-84	5.37267e-94	-2.00943e-47	-1.15536e-47
-35.9866	1.86665e-166	-1.14579e-84	1.36144e-83	1.74652e-92	-1.32123e-46	-2.95676e-48
-35.7191	2.17592e-166	5.70415e-84	-1.36035e-83	5.51725e-91	-6.59849e-46	3.41064e-46
-35.4515	6.73825e-167	-8.10272e-84	1.31473e-84	1.69369e-89	-2.30435e-45	3.40982e-45
-35.1839	6.12633e-166	6.08796e-84	2.3991e-83	5.05256e-88	-2.12908e-45	2.23768e-44
-34.9164	4.47187e-165	6.19886e-85	-6.68692e-83	1.46471e-86	4.7639e-44	1.11255e-43
-34.6488	2.10942e-164	-7.13419e-84	1.45063e-82	4.12625e-85	5.04775e-43	3.97275e-43
-34.3813	9.24395e-164	-3.01084e-83	-3.02544e-82	1.1296e-83	3.31399e-42	5.59824e-43
-34.1137	3.72775e-163	2.61589e-82	5.51676e-82	3.00508e-82	1.6388e-41	-5.65159e-42
-33.8462	7.53132e-163	-8.58906e-82	-1.24145e-82	7.76875e-81	5.93846e-41	-6.51324e-41
-33.5786	6.45692e-161	2.66019e-81	-7.58239e-81	1.95169e-79	1.04941e-40	-4.29135e-40
-33.311	3.87325e-159	-2.11975e-80	5.85142e-80	4.7647e-78	-5.60323e-40	-2.10968e-39
-33.0435	9.56858e-158	1.53924e-79	-2.68315e-79	1.13038e-76	-7.31715e-39	-7.71342e-39
-32.7759	9.51444e-157	-6.37141e-79	7.38577e-79	2.606e-75	-4.85794e-38	-1.56857e-38
-32.5084	6.55254e-156	2.55301e-78	-1.86238e-79	5.83836e-74	-2.37409e-37	4.49492e-38
-32.2408	1.12796e-153	-2.84539e-77	-1.78419e-77	1.27107e-72	-8.71985e-37	7.14643e-37
-31.9732	7.62943e-152	2.58376e-76	9.76532e-77	2.68914e-71	-1.9466e-36	4.80647e-36
-31.7057	1.5878e-150	-1.05641e-75	6.86873e-76	5.52868e-70	2.68944e-36	2.33588e-35
-31.4381	1.61033e-148	1.39801e-75	-1.26127e-74	1.10457e-68	6.05574e-35	8.58982e-35
-31.1706	7.61392e-147	6.20423e-74	6.13569e-74	2.14451e-67	4.15507e-34	2.04463e-34
-30.903	2.2668e-145	-4.38515e-73	-1.8543e-73	4.04602e-66	2.00969e-33	-8.47483e-35
-30.6355	5.41857e-145	-1.78216e-73	7.1421e-73	7.41809e-65	7.38029e-33	-4.43985e-33
-30.3679	2.16433e-142	8.41742e-72	1.20656e-71	1.32166e-63	1.83715e-32	-3.13711e-32
-30.1003	3.81623e-142	1.29142e-71	-1.46576e-71	2.28829e-62	4.58904e-33	-1.51201e-31
-29.8328	6.0214e-138	-1.20931e-69	2.13518e-69	3.85005e-61	-2.8051e-31	-5.53461e-31
-29.5652	2.77685e-136	1.28074e-68	-1.0661e-68	6.29486e-60	-2.06752e-30	-1.42135e-30
-29.2977	9.53856e-135	-5.769e-68	7.88063e-68	1.00016e-58	-9.94797e-30	-1.02654e-30
-29.0301	6.58624e-133	7.95312e-67	-1.61564e-67	1.54425e-57	-3.62465e-29	1.51801e-29
-28.7625	4.40683e-131	-3.55968e-66	5.6033e-66	2.31701e-56	-9.50905e-29	1.18861e-28
-28.495	7.88804e-130	2.77001e-65	-4.63776e-66	3.37834e-55	-1.01377e-28	5.72326e-28
-28.2274	4.83461e-128	-4.61847e-65	-2.14972e-64	4.78677e-54	6.96788e-28	2.07395e-27
-27.9599	8.48816e-126	2.71188e-63	-1.06483e-63	6.59092e-53	5.95545e-27	5.51741e-27
-27.6923	3.88207e-124	-1.50822e-62	1.26781e-62	8.81887e-52	2.87895e-26	7.28372e-27
-27.4247	1.21407e-122	1.09947e-61	-7.24235e-63	1.14668e-50	1.03711e-25	-2.66627e-26
-27.1572	3.85151e-121	-1.22059e-61	-6.08484e-61	1.4489e-49	2.78235e-25	-2.59761e-25
-26.8896	1.55441e-119	-3.61518e-60	-1.57308e-60	1.77909e-48	4.19939e-25	-1.26599e-24
-26.6221	8.87201e-118	-2.90683e-59	-6.49889e-60	2.12286e-47	-8.21021e-25	-4.53371e-24
-26.3545	5.89343e-116	-1.63739e-58	-1.79231e-58	2.46155e-46	-9.8481e-24	-1.22135e-23
-26.087	3.622e-114	1.01943e-57	-1.6071e-57	2.7737e-45	-4.86555e-23	-2.01579e-23
-25.8194	1.93845e-112	9.08553e-57	1.05498e-56	3.03721e-44	-1.73285e-22	1.85539e-23
-25.5518	9.19167e-111	-9.57876e-56	-4.04938e-57	3.23186e-43	-4.67232e-22	3.23853e-22
-25.2843	3.98066e-109	5.84017e-55	-2.38725e-55	3.34192e-42	-8.20179e-22	1.63378e-21
-25.0167	1.61545e-107	-3.55835e-54	1.86886e-54	3.35817e-41	1.98027e-22	5.79159e-21
-24.7492	6.25783e-106	2.40049e-53	-7.03914e-54	3.27924e-40	9.21097e-21	1.55911e-20
-24.4816	2.34233e-104	-1.50735e-52	-2.65001e-53	3.11178e-39	4.79104e-20	2.85722e-20
-24.214	8.53583e-103	5.98175e-52	7.0411e-52	2.86951e-38	1.69272e-19	6.48753e-21
-23.9465	3.04132e-101	1.08418e-51	-5.4072e-51	2.5714e-37	4.54125e-19	-2.25635e-19
-23.6789	1.06165e-99	-3.12969e-50	9.06387e-51	2.23922e-36	8.57522e-19	-1.22633e-18
-23.4114	3.63304e-98	1.06209e-49	1.58273e-49	1.8949e-35	4.81303e-19	-4.32636e-18
-23.1438	1.2185e-96	8.10855e-49	-7.4901e-49	1.55827e-34	-4.73024e-18	-1.15521e-17
-22.8763	4.00261e-95	-4.36158e-48	-4.58287e-48	1.24526e-33	-2.73788e-17	-2.22635e-17
-22.6087	1.28656e-93	-2.85815e-47	2.16716e-47	9.67036e-33	-9.6691e-17	-1.79226e-17
-22.3411	4.04263e-92	8.23098e-47	1.83443e-46	7.29775e-32	-2.56754e-16	8.39921e-17
-22.0736	1.24065e-90	1.10931e-45	-1.00391e-46	5.3518e-31	-5.01437e-16	5.32673e-16
-21.806	3.71557e-89	2.01153e-45	-5.75409e-45	3.81394e-30	-4.94065e-16	1.8894e-15
-21.5385	1.08511e-87	-2.17564e-44	-2.47339e-44	2.64127e-29	1.23995e-15	4.98751e-15
-21.2709	3.08831e-86	-1.74263e-43	2.27071e-44	1.77752e-28	9.02041e-15	9.81755e-15
-21.0033	8.56136e-85	-4.71087e-43	7.96375e-43	1.16247e-27	3.22746e-14	1.09918e-14
-20.7358	2.31074e-83	1.45374e-42	4.58193e-42	7.38774e-27	8.46956e-14	-1.46419e-14
-20.4682	6.07005e-82	2.18285e-41	1.14245e-41	4.56253e-26	1.67342e-13	-1.32747e-13
-20.2007	1.55145e-80	1.20859e-40	-3.01265e-41	2.73819e-25	2.04129e-13	-4.8182e-13
-19.9331	3.85735e-79	3.76056e-40	-4.94284e-40	1.59693e-24	-1.24523e-13	-1.25755e-12
-19.6656	9.32736e-78	6.24464e-41	-3.05343e-39	9.05049e-24	-1.69404e-12	-2.48611e-12
-19.398	2.19322e-76	-7.95497e-39	-1.24916e-38	4.98451e-23	-6.28423e-12	-3.2177e-12
-19.1304	5.01424e-75	-6.35991e-38	-3.11352e-38	2.6677e-22	-1.63275e-11	4.28085e-13
-18.8629	1.11451e-73	-3.33294e-37	1.91181e-38	1.38744e-21	-3.22198e-11	1.86903e-11
-18.5953	2.40813e-72	-1.33361e-36	7.93489e-37	7.01224e-21	-4.34627e-11	7.15767e-11
-18.3278	5.05787e-71	-3.92834e-36	5.92848e-36	3.444e-20	-8.58436e-12	1.85381e-10
-18.0602	1.03258e-69	-5.26431e-36	3.16996e-35	1.64374e-19	1.77502e-10	3.64509e-10
-17.7926	2.04893e-68	3.26257e-35	1.39373e-34	7.62371e-19	7.11543e-10	5.06042e-10
-17.5251	3.95154e-67	3.55089e-34	5.18715e-34	3.43609e-18	1.84061e-09	2.19624e-10
-17.2575	7.4067e-66	2.2109e-33	1.58702e-33	1.50496e-17	3.60167e-09	-1.44138e-09
-16.99	1.34926e-64	1.11125e-32	3.38208e-33	6.40548e-17	5.09869e-09	-6.16913e-09
-16.7224	2.38873e-63	4.88709e-32	-6.05843e-34	2.64936e-16	3.09394e-09	-1.59801e-08
-16.4548	4.10995e-62	1.93538e-31	-6.03548e-32	1.06487e-15	-9.89853e-09	-3.10948e-08
-16.1873	6.87219e-61	6.95455e-31	-4.51179e-31	4.15923e-15	-4.66052e-08	-4.45779e-08
-15.9197	1.11671e-59	2.24744e-30	-2.47308e-30	1.57868e-14	-1.21301e-07	-3.2754e-08
-15.6522	1.76347e-58	6.30188e-30	-1.1689e-29	5.82292e-14	-2.34635e-07	5.63521e-08
-15.3846	2.70629e-57	1.36147e-29	-5.02088e-29	2.08713e-13	-3.38863e-07	3.06407e-07
-15.1171	4.03605e-56	9.58806e-30	-2.0067e-28	7.26982e-13	-2.813e-07	8.04893e-07
-14.8495	5.84944e-55	-1.19976e-28	-7.55348e-28	2.46071e-12	2.54901e-07	1.54782e-06
-14.5819	8.23843e-54	-9.88955e-28	-2.69451e-27	8.09399e-12	1.75028e-06	2.24288e-06
-14.3144	1.12758e-52	-5.42016e-27	-9.13124e-27	2.58719e-11	4.66751e-06	2.02146e-06
-14.0468	1.49975e-51	-2.5242e-26	-2.93699e-26	8.03633e-11	8.92768e-06	-8.12263e-07
-13.7793	1.93847e-50	-1.0688e-25	-8.9227e-26	2.42578e-10	1.29404e-05	-8.66747e-06
-13.5117	2.43483e-49	-4.23506e-25	-2.5323e-25	7.11555e-10	1.23461e-05	-2.36459e-05
-13.2441	2.97198e-48	-1.59439e-24	-6.55657e-25	2.02829e-09	-8.21716e-07	-4.5029e-05
-12.9766	3.52525e-47	-5.75445e-24	-1.46247e-24	5.61843e-09	-3.70934e-05	-6.51345e-05
-12.709	4.0635e-46	-2.00258e-23	-2.30594e-24	1.51239e-08	-0.000104606	-6.46647e-05
-12.4415	4.55174e-45	-6.74609e-23	8.75334e-25	3.95619e-08	-0.000198609	-1.07831e-05
-12.1739	4.95474e-44	-2.20586e-22	2.9819e-23	1.00567e-07	-0.000286211	0.000136564
-11.9064	5.24118e-43	-7.01473e-22	1.79036e-22	2.48425e-07	-0.000292096	0.000403863
-11.6388	5.38769e-42	-2.17243e-21	8.17455e-22	5.9635e-07	-9.76005e-05	0.000766044
-11.3712	5.38198e-41	-6.55827e-21	3.28769e-21	1.39114e-06	0.000429492	0.00109849
-11.1037	5.22451e-40	-1.93102e-20	1.22298e-20	3.15358e-06	0.00135978	0.00114219
-10.8361	4.9285e-39	-5.54682e-20	4.30323e-20	6.94705e-06	0.0025836	0.000521602
-10.5686	4.51802e-38	-1.55428e-19	1.44991e-19	1.48717e-05	0.00368389	-0.00114047
-10.301	4.02482e-37	-4.2468e-19	4.71305e-19	3.09376e-05	0.00387654	-0.00398873
-10.0334	3.48425e-36	-1.13055e-18	1.4853e-18	6.25425e-05	0.00212235	-0.00761828
-9.76589	2.93114e-35	-2.92842e-18	4.55365e-18	0.000122865	-0.00250259	-0.0107982
-9.49833	2.39622e-34	-7.36578e-18	1.3615e-17	0.000234555	-0.010181	-0.0114413
-9.23077	1.90363e-33	-1.79357e-17	3.97737e-17	0.000435137	-0.0196365	-0.00703874
-8.96321	1.46961e-32	-4.2082e-17	1.13689e-16	0.00078446	-0.0276713	0.0043309
-8.69565	1.10252e-31	-9.44283e-17	3.18332e-16	0.00137429	-0.0294065	0.0225733
-8.42809	8.03777e-31	-2.00066e-16	8.73928e-16	0.00233966	-0.0195762	0.0442315
-8.16054	5.6944e-30	-3.90583e-16	2.35411e-15	0.00387069	0.00514344	0.0620019
-7.89298	3.92035e-29	-6.64527e-16	6.2259e-15	0.00622285	0.0433762	0.065889
-7.62542	2.6228e-28	-8.2024e-16	1.61743e-14	0.00972197	0.0870372	0.0463303
-7.35786	1.70518e-27	1.11298e-16	4.12937e-14	0.0147599	0.121484	-0.00124895
-7.0903	1.07731e-26	5.58902e-15	1.03643e-13	0.0217759	0.128808	-0.0720022
-6.82274	6.61412e-26	2.64357e-14	2.55817e-13	0.0312199	0.0941019	-0.149548
-6.55518	3.94611e-25	9.39326e-14	6.21118e-13	0.0434963	0.0129651	-0.208154
-6.28763	2.28786e-24	2.93578e-13	1.4838e-12	0.0588893	-0.102755	-0.219843
-6.02007	1.28901e-23	8.49154e-13	3.48841e-12	0.0774792	-0.224236	-0.164916
-5.75251	7.0574e-23	2.32577e-12	8.07247e-12	0.0990598	-0.311887	-0.0422645
-5.48495	3.75489e-22	6.107e-12	1.839e-11	0.123076	-0.327743	0.125142
-5.21739	1.9414e-21	1.54879e-11	4.12495e-11	0.148598	-0.250281	0.293186
-4.94983	9.7543e-21	3.81198e-11	9.11108e-11	0.174349	-0.0858898	0.408622
-4.68227	4.76257e-20	9.13563e-11	1.98191e-10	0.198786	0.128458	0.426948
-4.41472	2.2597e-19	2.1369e-10	4.24625e-10	0.220252	0.333935	0.329756
-4.14716	1.04189e-18	4.8871e-10	8.96134e-10	0.237146	0.468056	0.134421
-3.8796	4.66832e-18	1.09426e-09	1.86304e-09	0.248128	0.486143	-0.108595
-3.61204	2.03265e-17	2.40132e-09	3.81577e-09	0.25229	0.377882	-0.3309
-3.34448	8.60056e-17	5.16887e-09	7.69989e-09	0.24928	0.17221	-0.46864
-3.07692	3.53635e-16	1.09208e-08	1.53092e-08	0.239353	-0.0717979	-0.483941
-2.80936	1.41302e-15	2.266e-08	2.99924e-08	0.223334	-0.284766	-0.37715
-2.54181	5.48663e-15	4.61974e-08	5.79002e-08	0.202505	-0.41004	-0.185397
-2.27425	2.07027e-14	9.25745e-08	1.10148e-07	0.178435	-0.421234	0.0315674
-2.00669	7.59122e-14	1.82399e-07	2.06501e-07	0.152787	-0.328186	0.212324
-1.73913	2.70496e-13	3.53455e-07	3.8153e-07	0.127133	-0.170042	0.313399
-1.47157	9.36642e-13	6.73797e-07	6.94723e-07	0.1028	0.000742025	0.320624
-1.20401	3.15174e-12	1.26385e-06	1.24676e-06	0.0807783	0.136697	0.249183
-0.936455	1.0306e-11	2.33301e-06	2.20524e-06	0.061682	0.209146	0.13394
-0.668896	3.27489e-11	4.23894e-06	3.84451e-06	0.0457706	0.213414	0.0150003
-0.401338	1.01127e-10	7.58192e-06	6.60613e-06	0.0330049	0.16519	-0.0756125
-0.133779	3.03457e-10	1.33517e-05	1.11888e-05	0.0231278	0.0910757	-0.121791
0.133779	8.84901e-10	2.31514e-05	1.86792e-05	0.015749	0.0178422	-0.12422
0.401338	2.50758e-09	3.95315e-05	3.07383e-05	0.0104217	-0.0356545	-0.0956578
0.668896	6.90526e-09	6.64773e-05	4.98601e-05	0.00670169	-0.0618374	-0.0536455
0.936455	1.84786e-08	0.000110103	7.97233e-05	0.0041879	-0.063222	-0.0138157
1.20401	4.80531e-08	0.000179621	0.000125656	0.00254315	-0.0484054	0.0141444
1.47157	1.21433e-07	0.000288649	0.000195231	0.00150076	-0.0274387	0.0273473
1.73913	2.98207e-07	0.000456944	0.000299013	0.000860626	-0.00832218	0.0281313
2.00669	7.11644e-07	0.000712626	0.000451452	0.000479603	0.00460393	0.0214104
2.27425	1.65033e-06	0.00109493	0.000671916	0.000259725	0.0105201	0.0122087
2.54181	3.71915e-06	0.00165749	0.000985837	0.000136681	0.0109412	0.00411974
2.80936	8.1448e-06	0.00247217	0.00142589	6.98985e-05	0.00827952	-0.00116103
3.07692	1.73333e-05	0.00363315	0.0020331	3.47369e-05	0.00473177	-0.00351387
3.34448	3.58464e-05	0.00526113	0.00285777	1.67756e-05	0.0017171	-0.00371849
3.61204	7.20399e-05	0.00750722	0.00395999	7.87281e-06	-0.000187388	-0.00279959
3.8796	0.000140691	0.0105559	0.00540956	3.59042e-06	-0.00101656	-0.00159907
4.14716	0.000267006	0.0146265	0.00728506	1.5912e-06	-0.00110391	-0.000610385
4.41472	0.000492427	0.0199721	0.00967183	6.85278e-07	-0.000827802	-4.67863e-06
4.68227	0.000882523	0.0268753	0.0126588	2.86797e-07	-0.000471562	0.000253823
4.94983	0.001537	0.0356401	0.0163336	1.16639e-07	-0.000186471	0.000286126
5.21739	0.00260128	0.0465789	0.0207769	4.60978e-08	-1.67595e-05	0.000214049
5.48495	0.00427821	0.0599946	0.0260551	1.77043e-08	5.44134e-05	0.000121423
5.75251	0.00683758	0.0761576	0.0322118	6.60757e-09	6.47083e-05	4.91977e-05
6.02007	0.0106196	0.0952796	0.0392601	2.39645e-09	4.83993e-05	7.34574e-06
6.28763	0.0160278	0.117484	0.047174	8.44617e-10	2.73121e-05	-9.93298e-06
6.55518	0.0235075	0.142775	0.0558815	2.89277e-10	1.12474e-05	-1.27582e-05
6.82274	0.0335045	0.171013	0.0652605	9.62794e-11	2.17109e-06	-9.569e-06
7.0903	0.0464047	0.201889	0.0751361	3.11398e-11	-1.52244e-06	-5.36861e-06
7.35786	0.0624577	0.234914	0.0852835	9.7873e-12	-2.19074e-06	-2.23337e-06
7.62542	0.081691	0.269413	0.095433	2.98933e-12	-1.65398e-06	-5.03666e-07
7.89298	0.103831	0.304543	0.105281	8.87254e-13	-9.2244e-07	1.90679e-07
8.16054	0.128245	0.339314	0.114504	2.5591e-13	-3.85845e-07	3.2716e-07
8.42809	0.153929	0.372633	0.122776	7.17281e-14	-9.63692e-08	2.49882e-07
8.69565	0.179542	0.403358	0.129784	1.95369e-14	1.83072e-08	1.3857e-07
8.96321	0.203504	0.43036	0.135255	5.17114e-15	4.24117e-08	5.80723e-08
9.23077	0.224153	0.452595	0.138964	1.33009e-15	3.29878e-08	1.55529e-08
9.49833	0.239927	0.469164	0.140758	3.3246e-16	1.82019e-08	-1.07275e-09
9.76589	0.249563	0.47938	0.140561	8.07536e-17	7.62177e-09	-4.76049e-09
10.0334	0.252257	0.482812	0.138381	1.90611e-17	2.14296e-09	-3.80379e-09
10.301	0.247782	0.479315	0.13431	4.37219e-18	2.84739e-11	-2.09078e-09
10.5686	0.236517	0.469041	0.128518	9.7457e-19	-4.60957e-10	-8.72977e-10
10.8361	0.21939	0.452429	0.121238	2.11101e-19	-3.82918e-10	-2.53919e-10
11.1037	0.197759	0.430169	0.112754	4.44358e-20	-2.10017e-10	-1.81282e-11
11.3712	0.173229	0.403163	0.103383	9.08949e-21	-8.73101e-11	3.82941e-11
11.6388	0.147458	0.372457	0.0934515	1.8068e-21	-2.59951e-11	3.36311e-11
11.9064	0.121977	0.339178	0.0832807	3.49015e-22	-2.95037e-12	1.84475e-11
12.1739	0.0980514	0.304463	0.0731684	6.55152e-23	2.70575e-12	7.62851e-12
12.4415	0.0765937	0.269402	0.0633757	1.1951e-23	2.5749e-12	2.3067e-12
12.709	0.0581428	0.234977	0.0541182	2.11851e-24	1.41682e-12	3.33349e-13
12.9766	0.0428907	0.202027	0.0455601	3.64939e-25	5.82479e-13	-1.60178e-13
13.2441	0.0307464	0.171221	0.0378134	6.10906e-26	1.77821e-13	-1.71669e-13
13.5117	0.0214185	0.143043	0.0309405	9.93784e-27	2.97991e-14	-9.51307e-14
13.7793	0.0144993	0.117798	0.0249591	1.57099e-27	-7.71407e-15	-3.88778e-14
14.0468	0.00953831	0.0956259	0.0198496	2.41335e-28	-9.95207e-15	-1.19286e-14
14.3144	0.00609759	0.0765205	0.015563	3.60271e-29	-5.58284e-15	-2.20432e-15
14.5819	0.003788	0.0603596	0.0120297	5.22641e-30	-2.26875e-15	2.81367e-16
14.8495	0.00228678	0.0469334	0.00916717	7.36786e-31	-6.97191e-16	5.0071e-16
15.1171	0.00134154	0.0359737	0.00688708	1.00935e-31	-1.37771e-16	2.86277e-16
15.3846	0.000764797	0.0271804	0.00510099	1.34372e-32	5.89796e-18	1.15769e-16
15.6522	0.000423694	0.020244	0.00372471	1.73835e-33	2.18047e-17	3.55374e-17
15.9197	0.000228099	0.014863	0.00268133	2.18541e-34	1.28216e-17	7.35853e-18
16.1873	0.000119332	0.0107569	0.00190294	2.66987e-35	5.16587e-18	1.11518e-19
16.4548	6.06676e-05	0.0076743	0.00133143	3.16965e-36	1.58092e-18	-8.18736e-19
16.7224	2.99723e-05	0.00539711	0.000918399	3.65676e-37	3.38198e-19	-5.01297e-19
16.99	1.43895e-05	0.00374159	0.000624541	4.09964e-38	1.90189e-20	-2.01581e-19
17.2575	6.71331e-06	0.00255695	0.000418705	4.46642e-39	-2.63553e-20	-6.14151e-20
17.5251	3.04363e-06	0.00172251	0.000276741	4.72865e-40	-1.70985e-20	-1.34352e-20
17.7926	1.34094e-06	0.00114386	0.000180325	4.86495e-41	-6.8784e-21	-1.15635e-21
18.0602	5.74107e-07	0.000748791	0.000115839	4.86389e-42	-2.08436e-21	7.20659e-22
18.3278	2.38858e-07	0.000483193	7.3362e-05	4.72556e-43	-4.62751e-22	5.08348e-22
18.5953	9.65716e-08	0.000307366	4.5804e-05	4.46156e-44	-5.0012e-23	2.05218e-22
18.8629	3.79423e-08	0.000192737	2.81937e-05	4.0934e-45	1.64723e-23	6.18228e-23
19.1304	1.44865e-08	0.000119138	1.71087e-05	3.6496e-46	1.31588e-23	1.38494e-23
19.398	5.37483e-09	7.25952e-05	1.02352e-05	3.16206e-47	5.35255e-24	1.7236e-24
19.6656	1.9379e-09	4.36057e-05	6.03663e-06	2.66231e-48	1.60294e-24	-3.04801e-25
19.9331	6.78986e-10	2.58199e-05	3.50999e-06	2.17827e-49	3.60743e-25	-2.96128e-25
20.2007	2.31183e-10	1.5071e-05	2.01202e-06	1.73193e-50	4.93044e-26	-1.22018e-25
20.4682	7.64915e-11	8.67172e-06	1.13704e-06	1.33817e-51	-4.21288e-27	-3.63376e-26
20.7358	2.45944e-11	4.91864e-06	6.33478e-07	1.00474e-52	-5.7821e-27	-8.1879e-27
21.0033	7.68461e-12	2.75019e-06	3.47938e-07	7.33102e-54	-2.43033e-27	-1.19353e-27
21.2709	2.33331e-12	1.51585e-06	1.88403e-07	5.19802e-55	-7.20308e-28	3.09461e-29
21.5385	6.88471e-13	8.23624e-07	1.00574e-07	3.58158e-56	-1.62091e-28	9.76854e-29
21.806	1.97408e-13	4.41142e-07	5.29297e-08	2.39814e-57	-2.47136e-29	4.22775e-29
22.0736	5.50055e-14	2.32919e-07	2.74616e-08	1.56042e-58	-3.69077e-31	1.24862e-29
22.3411	1.4894e-14	1.2123e-07	1.40464e-08	9.86664e-60	1.42225e-30	2.80068e-30
22.6087	3.91906e-15	6.22004e-08	7.08303e-09	6.06264e-61	6.41982e-31	4.40594e-31
22.8763	1.00211e-15	3.14597e-08	3.52115e-09	3.62008e-62	1.89276e-31	1.93803e-32
23.1438	2.49008e-16	1.56853e-08	1.72569e-09	2.10058e-63	4.22604e-32	-1.77381e-32
23.4114	6.01278e-17	7.70925e-09	8.33785e-10	1.18447e-64	6.79212e-33	-8.50377e-33
23.6789	1.41092e-17	3.73516e-09	3.97152e-10	6.49042e-66	4.42365e-34	-2.50893e-33
23.9465	3.21729e-18	1.78396e-09	1.86497e-10	3.45609e-67	-1.87669e-34	-5.57126e-34
24.214	7.12926e-19	8.39924e-10	8.63374e-11	1.78839e-68	-9.81726e-35	-9.08076e-35
24.4816	1.53519e-19	3.89829e-10	3.94037e-11	8.99295e-70	-2.90781e-35	-7.33226e-36
24.7492	3.2125e-20	1.78356e-10	1.77291e-11	4.39447e-71	-6.419e-36	1.65565e-36
25.0167	6.53265e-21	8.04413e-11	7.86407e-12	2.08677e-72	-1.05514e-36	9.86642e-37
25.2843	1.29092e-21	3.57644e-11	3.4389e-12	9.62959e-74	-9.74661e-38	2.94612e-37
25.5518	2.47898e-22	1.56748e-11	1.48252e-12	4.31821e-75	1.17608e-38	6.46521e-38
25.8194	4.62605e-23	6.77226e-12	6.30077e-13	1.88176e-76	8.61899e-39	1.06719e-38
26.087	8.38903e-24	2.88433e-12	2.63996e-13	7.96873e-78	2.60879e-39	1.0784e-39
26.3545	1.47835e-24	1.21097e-12	1.09046e-13	3.27927e-79	5.69346e-40	-6.14162e-41
26.6221	2.53167e-25	5.01193e-13	4.44051e-14	1.31138e-80	9.40659e-41	-6.53103e-41
26.8896	4.21308e-26	2.04482e-13	1.78265e-14	5.09619e-82	1.01123e-41	-2.01832e-41
27.1572	6.81329e-27	8.22406e-14	7.05516e-15	1.92454e-83	-1.5338e-43	-4.38427e-42
27.4247	1.07073e-27	3.2606e-14	2.7527e-15	7.06269e-85	-4.2804e-43	-7.23222e-43
27.6923	1.63517e-28	1.27435e-14	1.05881e-15	2.51871e-86	-1.3637e-43	-8.11805e-44
27.9599	2.42668e-29	4.90975e-15	4.01502e-16	8.72872e-88	-2.95236e-44	-1.10814e-45
28.2274	3.49966e-30	1.86471e-15	1.50095e-16	2.93959e-89	-4.85358e-45	2.41632e-45
28.495	4.9046e-31	6.9814e-16	5.5316e-17	9.62025e-91	-5.61434e-46	8.04249e-46
28.7625	6.67951e-32	2.57665e-16	2.00977e-17	3.0595e-92	-1.92022e-47	1.73857e-46
29.0301	8.83994e-33	9.3745e-17	7.19859e-18	9.45537e-94	1.16745e-47	2.84472e-47
29.2977	1.13689e-33	3.36219e-17	2.5419e-18	2.83969e-95	4.13713e-48	3.35873e-48
29.5652	1.42086e-34	1.18871e-17	8.84863e-19	8.28755e-97	8.95244e-49	1.6521e-49
29.8328	1.72563e-35	4.14296e-18	3.0367e-19	2.35042e-98	1.45675e-49	-4.77821e-50
30.1003	2.03662e-36	1.4234e-18	1.02739e-19	6.47784e-100	1.74308e-50	-1.85459e-50
30.3679	2.33579e-37	4.82084e-19	3.42668e-20	1.73491e-101	1.05056e-51	-4.03057e-51
30.6355	2.60329e-38	1.60953e-19	1.12673e-20	4.51533e-103	-1.62638e-52	-6.51983e-52
30.903	2.81953e-39	5.29735e-20	3.65237e-21	1.142e-104	-7.23644e-53	-7.86344e-53
31.1706	2.96752e-40	1.71869e-20	1.16717e-21	2.80676e-106	-1.58631e-53	-5.38855e-54
31.4381	3.03511e-41	5.49689e-21	3.67706e-22	6.70361e-108	-2.55094e-54	4.43077e-55
31.7057	3.01661e-42	1.73308e-21	1.14202e-22	1.55588e-109	-3.08829e-55	2.45382e-55
31.9732	2.91358e-43	5.38642e-22	3.49665e-23	3.5092e-111	-2.30657e-56	5.45635e-56
32.2408	2.73464e-44	1.6503e-22	1.05545e-23	7.69137e-113	8.71091e-58	8.72668e-57
32.5084	2.49423e-45	4.98434e-23	3.14071e-24	1.63819e-114	7.21561e-58	1.05714e-57
32.7759	2.21074e-46	1.484e-23	9.21349e-25	3.39068e-116	1.63968e-58	8.37927e-59
33.0435	1.90415e-47	4.35552e-24	2.66456e-25	6.81984e-118	2.61053e-59	-7.05111e-61
33.311	1.59379e-48	1.26017e-24	7.59682e-26	1.33299e-119	3.15666e-60	-1.83448e-60
33.5786	1.29635e-49	3.59415e-25	2.13523e-26	2.53187e-121	2.60821e-61	-4.30301e-61
33.8462	1.02466e-50	1.01052e-25	5.91644e-27	4.67326e-123	3.10816e-63	-6.82906e-62
34.1137	7.87046e-52	2.80077e-26	1.61615e-27	8.38231e-125	-4.01489e-63	-8.22823e-63
34.3813	5.87468e-53	7.65228e-27	4.35219e-28	1.46107e-126	-9.85592e-64	-6.9977e-64
34.6488	4.26121e-54	2.06103e-27	1.15542e-28	2.47481e-128	-1.56222e-64	-1.85152e-65
34.9164	3.00362e-55	5.47218e-28	3.02394e-29	4.07359e-130	-1.87324e-65	7.51385e-66
35.1839	2.05741e-56	1.43224e-28	7.8021e-30	6.51593e-132	-1.62463e-66	1.96888e-66
35.4515	1.3695e-57	3.69535e-29	1.98451e-30	1.01284e-133	-6.02466e-68	3.12496e-67
35.7191	8.85862e-59	9.39886e-30	4.97623e-31	1.52991e-135	1.18942e-68	3.72618e-68
35.9866	5.56845e-60	2.35655e-30	1.23013e-31	2.24573e-137	3.42716e-69	3.2729e-69
36.2542	3.40147e-61	5.8245e-31	2.99781e-32	3.20341e-139	5.46534e-70	1.47112e-70
36.5217	2.01912e-62	1.41913e-31	7.20214e-33	4.4405e-141	6.47822e-71	-1.56129e-71
36.7893	1.16472e-63	3.40854e-32	1.70578e-33	5.98157e-143	5.73252e-72	-5.19171e-72
37.0569	6.529e-65	8.0704e-33	3.98277e-34	7.83e-145	2.91276e-73	-8.35559e-73
37.3244	3.5566e-66	1.88366e-33	9.16751e-35	9.96031e-147	-1.62951e-74	-9.84621e-74
37.592	1.88272e-67	4.33405e-34	2.08027e-35	1.23125e-148	-6.83343e-75	-8.7424e-75
37.8595	9.68507e-69	9.83027e-35	4.65363e-36	1.47906e-150	-1.11638e-75	-4.82447e-76
38.1271	4.84153e-70	2.19795e-35	1.02628e-36	1.72659e-152	-1.3085e-76	1.20094e-77
38.3946	2.35194e-71	4.84455e-36	2.23122e-37	1.95865e-154	-1.16217e-77	7.79753e-78
38.6622	1.11028e-72	1.05261e-36	4.78213e-38	2.15917e-156	-6.79064e-79	1.30309e-78
38.9298	5.09338e-74	2.25459e-37	1.01042e-38	2.31303e-158	2.89518e-81	1.52059e-79
39.1973	2.27061e-75	4.76044e-38	2.10468e-39	2.40791e-160	7.68975e-81	1.34781e-80
39.4649	9.83653e-77	9.90851e-39	4.32186e-40	2.43592e-162	1.32821e-81	8.19616e-82
39.7324	4.141e-78	2.03306e-39	8.74896e-41	2.39469e-164	1.54527e-82	8.26711e-84
40	1.69408e-79	4.11221e-40	1.746e-41	2.28771e-166	1.36457e-83	-6.52423e-84
