-40	1.79763e-218	1.34076e-109	0	1.79763e-218	1.34076e-109	0
-39.7324	3.7365e-216	1.933e-108	0	3.7365e-216	1.933e-108	0
-39.4649	7.54735e-214	2.74724e-107	0	7.54735e-214	2.74724e-107	0
-39.1973	1.48146e-211	3.84897e-106	0	1.48146e-211	3.84897e-106	0
-38.9298	2.82583e-209	5.31585e-105	0	2.82583e-209	5.31585e-105	0
-38.6622	5.23803e-207	7.23742e-104	0	5.23803e-207	7.23742e-104	0
-38.3946	9.43525e-205	9.71352e-103	0	9.43525e-205	9.71352e-103	0
-38.1271	1.65159e-202	1.28514e-101	0	1.65159e-202	1.28514e-101	0
-37.8595	2.80942e-200	1.67613e-100	0	2.80942e-200	1.67613e-100	0
-37.592	4.64402e-198	2.155e-99	0	4.64402e-198	2.155e-99	0
-37.3244	7.45995e-196	2.73129e-98	0	7.45995e-196	2.73129e-98	0
-37.0569	1.16451e-193	3.41248e-97	0	1.16451e-193	3.41248e-97	0
-36.7893	1.76649e-191	4.20296e-96	0	1.76649e-191	4.20296e-96	0
-36.5217	2.60402e-189	5.10296e-95	0	2.60402e-189	5.10296e-95	0
-36.2542	3.73028e-187	6.1076e-94	0	3.73028e-187	6.1076e-94	0
-35.9866	5.19282e-185	7.20612e-93	0	5.19282e-185	7.20612e-93	0
-35.7191	7.02471e-183	8.38135e-92	0	7.02471e-183	8.38135e-92	0
-35.4515	9.23459e-181	9.60968e-91	0	9.23459e-181	9.60968e-91	0
-35.1839	1.1797e-178	1.08614e-89	0	1.1797e-178	1.08614e-89	0
-34.9164	1.4645e-176	1.21016e-88	0	1.4645e-176	1.21016e-88	0
-34.6488	1.76673e-174	1.32918e-87	0	1.76673e-174	1.32918e-87	0
-34.3813	2.07116e-172	1.43915e-86	0	2.07116e-172	1.43915e-86	0
-34.1137	2.35952e-170	1.53607e-85	0	2.35952e-170	1.53607e-85	0
-33.8462	2.61214e-168	1.61621e-84	0	2.61214e-168	1.61621e-84	0
-33.5786	2.81018e-166	1.67636e-83	0	2.81018e-166	1.67636e-83	0
-33.311	2.93788e-164	1.71403e-82	0	2.93788e-164	1.71403e-82	0
-33.0435	2.98469e-162	1.72763e-81	0	2.98469e-162	1.72763e-81	0
-32.7759	2.94665e-160	1.71658e-80	0	2.94665e-160	1.71658e-80	0
-32.5084	2.82697e-158	1.68136e-79	0	2.82697e-158	1.68136e-79	0
-32.2408	2.63559e-156	1.62345e-78	0	2.63559e-156	1.62345e-78	0
-31.9732	2.38781e-154	1.54525e-77	0	2.38781e-154	1.54525e-77	0
-31.7057	2.10225e-152	1.44991e-76	0	2.10225e-152	1.44991e-76	0
-31.4381	1.79859e-150	1.34112e-75	0	1.79859e-150	1.34112e-75	0
-31.1706	1.49536e-148	1.22285e-74	0	1.49536e-148	1.22285e-74	0
-30.903	1.20815e-146	1.09916e-73	0	1.20815e-146	1.09916e-73	0
-30.6355	9.48556e-145	9.73938e-73	0	9.48556e-145	9.73938e-73	0
-30.3679	7.23715e-143	8.50715e-72	0	7.23715e-143	8.50715e-72	0
-30.1003	5.36582e-141	7.32518e-71	0	5.36582e-141	7.32518e-71	0
-29.8328	3.86606e-139	6.21777e-70	0	3.86606e-139	6.21777e-70	0
-29.5652	2.70686e-137	5.20275e-69	0	2.70686e-137	5.20275e-69	0
-29.2977	1.84173e-135	4.29154e-68	0	1.84173e-135	4.29154e-68	0
-29.0301	1.21773e-133	3.4896e-67	0	1.21773e-133	3.4896e-67	0
-28.7625	7.82418e-132	2.79717e-66	0	7.82418e-132	2.79717e-66	0
-28.495	4.8853e-130	2.21027e-65	0	4.8853e-130	2.21027e-65	0
-28.2274	2.9642e-128	1.72169e-64	0	2.9642e-128	1.72169e-64	0
-27.9599	1.74778e-126	1.32204e-63	0	1.74778e-126	1.32204e-63	0
-27.6923	1.00146e-124	1.00073e-62	0	1.00146e-124	1.00073e-62	0
-27.4247	5.57623e-123	7.46741e-62	0	5.57623e-123	7.46741e-62	0
-27.1572	3.01726e-121	5.49296e-61	0	3.01726e-121	5.49296e-61	0
-26.8896	1.58653e-119	3.98313e-60	0	1.58653e-119	3.98313e-60	0
-26.6221	8.10679e-118	2.84724e-59	0	8.10679e-118	2.84724e-59	0
-26.3545	4.02544e-116	2.00635e-58	0	4.02544e-116	2.00635e-58	0
-26.087	1.94241e-114	1.3937e-57	0	1.94241e-114	1.3937e-57	0
-25.8194	9.10822e-113	9.5437e-57	0	9.10822e-113	9.5437e-57	0
-25.5518	4.1504e-111	6.44236e-56	0	4.1504e-111	6.44236e-56	0
-25.2843	1.83785e-109	4.28701e-55	0	1.83785e-109	4.28701e-55	0
-25.0167	7.90849e-108	2.8122e-54	0	7.90849e-108	2.8122e-54	0
-24.7492	3.30705e-106	1.81853e-53	0	3.30705e-106	1.81853e-53	0
-24.4816	1.34386e-104	1.15925e-52	0	1.34386e-104	1.15925e-52	0
-24.214	5.30676e-103	7.28475e-52	0	5.30676e-103	7.28475e-52	0
-23.9465	2.03643e-101	4.51268e-51	0	2.03643e-101	4.51268e-51	0
-23.6789	7.59404e-100	2.75573e-50	0	7.59404e-100	2.75573e-50	0
-23.4114	2.75195e-98	1.6589e-49	0	2.75195e-98	1.6589e-49	0
-23.1438	9.69108e-97	9.84433e-49	0	9.69108e-97	9.84433e-49	0
-22.8763	3.31641e-95	5.75883e-48	0	3.31641e-95	5.75883e-48	0
-22.6087	1.10288e-93	3.32096e-47	0	1.10288e-93	3.32096e-47	0
-22.3411	3.56411e-92	1.88789e-46	0	3.56411e-92	1.88789e-46	0
-22.0736	1.11928e-90	1.05796e-45	0	1.11928e-90	1.05796e-45	0
-21.806	3.41578e-89	5.84447e-45	0	3.41578e-89	5.84447e-45	0
-21.5385	1.01299e-87	3.18275e-44	0	1.01299e-87	3.18275e-44	0
-21.2709	2.91934e-86	1.70861e-43	0	2.91934e-86	1.70861e-43	0
-21.0033	8.17577e-85	9.042e-43	0	8.17577e-85	9.042e-43	0
-20.7358	2.22503e-83	4.71702e-42	0	2.22503e-83	4.71702e-42	0
-20.4682	5.88447e-82	2.42579e-41	0	5.88447e-82	2.42579e-41	0
-20.2007	1.51232e-80	1.22976e-40	0	1.51232e-80	1.22976e-40	0
-19.9331	3.77696e-79	6.1457e-40	0	3.77696e-79	6.1457e-40	0
-19.6656	9.16654e-78	3.02763e-39	0	9.16654e-78	3.02763e-39	0
-19.398	2.16189e-76	1.47034e-38	0	2.16189e-76	1.47034e-38	0
-19.1304	4.95478e-75	7.03902e-38	0	4.95478e-75	7.03902e-38	0
-18.8629	1.10352e-73	3.32192e-37	0	1.10352e-73	3.32192e-37	0
-18.5953	2.38835e-72	1.54543e-36	0	2.38835e-72	1.54543e-36	0
-18.3278	5.02321e-71	7.08746e-36	0	5.02321e-71	7.08746e-36	0
-18.0602	1.02666e-69	3.20416e-35	0	1.02666e-69	3.20416e-35	0
-17.7926	2.03911e-68	1.42797e-34	0	2.03911e-68	1.42797e-34	0
-17.5251	3.93563e-67	6.27346e-34	0	3.93563e-67	6.27346e-34	0
-17.2575	7.38165e-66	2.71692e-33	0	7.38165e-66	2.71692e-33	0
-16.99	1.34542e-64	1.15992e-32	0	1.34542e-64	1.15992e-32	0
-16.7224	2.383e-63	4.88159e-32	0	2.383e-63	4.88159e-32	0
-16.4548	4.10161e-62	2.02524e-31	0	4.10161e-62	2.02524e-31	0
-16.1873	6.8604e-61	8.28275e-31	0	6.8604e-61	8.28275e-31	0
-15.9197	1.11508e-59	3.33929e-30	0	1.11508e-59	3.33929e-30	0
-15.6522	1.76129e-58	1.32714e-29	0	1.76129e-58	1.32714e-29	0
-15.3846	2.70344e-57	5.19947e-29	0	2.70344e-57	5.19947e-29	0
-15.1171	4.03244e-56	2.00809e-28	0	4.03244e-56	2.00809e-28	0
-14.8495	5.84498e-55	7.64525e-28	0	5.84498e-55	7.64525e-28	0
-14.5819	8.23306e-54	2.86933e-27	0	8.23306e-54	2.86933e-27	0
-14.3144	1.12695e-52	1.06158e-26	0	1.12695e-52	1.06158e-26	0
-14.0468	1.49903e-51	3.87173e-26	0	1.49903e-51	3.87173e-26	0
-13.7793	1.93768e-50	1.392e-25	0	1.93768e-50	1.392e-25	0
-13.5117	2.43397e-49	4.93353e-25	0	2.43397e-49	4.93353e-25	0
-13.2441	2.97108e-48	1.72368e-24	0	2.97108e-48	1.72368e-24	0
-12.9766	3.52433e-47	5.93661e-24	0	3.52433e-47	5.93661e-24	0
-12.709	4.06259e-46	2.01559e-23	0	4.06259e-46	2.01559e-23	0
-12.4415	4.55086e-45	6.74601e-23	0	4.55086e-45	6.74601e-23	0
-12.1739	4.95391e-44	2.22574e-22	0	4.95391e-44	2.22574e-22	0
-11.9064	5.24042e-43	7.23907e-22	0	5.24042e-43	7.23907e-22	0
-11.6388	5.38702e-42	2.32099e-21	0	5.38702e-42	2.32099e-21	0
-11.3712	5.38139e-41	7.3358e-21	0	5.38139e-41	7.3358e-21	0
-11.1037	5.22402e-40	2.28561e-20	0	5.22402e-40	2.28561e-20	0
-10.8361	4.92809e-39	7.02004e-20	0	4.92809e-39	7.02004e-20	0
-10.5686	4.5177e-38	2.12549e-19	0	4.5177e-38	2.12549e-19	0
-10.301	4.02457e-37	6.34395e-19	0	4.02457e-37	6.34395e-19	0
-10.0334	3.48406e-36	1.86656e-18	0	3.48406e-36	1.86656e-18	0
-9.76589	2.931e-35	5.41387e-18	0	2.931e-35	5.41387e-18	0
-9.49833	2.39612e-34	1.54794e-17	0	2.39612e-34	1.54794e-17	0
-9.23077	1.90356e-33	4.36298e-17	0	1.90356e-33	4.36298e-17	0
-8.96321	1.46957e-32	1.21226e-16	0	1.46957e-32	1.21226e-16	0
-8.69565	1.10249e-31	3.32038e-16	0	1.10249e-31	3.32038e-16	0
-8.42809	8.03757e-31	8.96525e-16	0	8.03757e-31	8.96525e-16	0
-8.16054	5.69428e-30	2.38627e-15	0	5.69428e-30	2.38627e-15	0
-7.89298	3.92027e-29	6.26121e-15	0	3.92027e-29	6.26121e-15	0
-7.62542	2.62276e-28	1.61949e-14	0	2.62276e-28	1.61949e-14	0
-7.35786	1.70516e-27	4.12935e-14	0	1.70516e-27	4.12935e-14	0
-7.0903	1.07729e-26	1.03793e-13	0	1.07729e-26	1.03793e-13	0
-6.82274	6.61405e-26	2.57178e-13	0	6.61405e-26	2.57178e-13	0
-6.55518	3.94607e-25	6.28178e-13	0	3.94607e-25	6.28178e-13	0
-6.28763	2.28784e-24	1.51256e-12	0	2.28784e-24	1.51256e-12	0
-6.02007	1.289e-23	3.59026e-12	0	1.289e-23	3.59026e-12	0
-5.75251	7.05735e-23	8.4008e-12	0	7.05735e-23	8.4008e-12	0
-5.48495	3.75487e-22	1.93775e-11	0	3.75487e-22	1.93775e-11	0
-5.21739	1.94139e-21	4.40612e-11	0	1.94139e-21	4.40612e-11	0
-4.94983	9.75425e-21	9.87636e-11	0	9.75425e-21	9.87636e-11	0
-4.68227	4.76255e-20	2.18233e-10	0	4.76255e-20	2.18233e-10	0
-4.41472	2.25969e-19	4.75362e-10	0	2.25969e-19	4.75362e-10	0
-4.14716	1.04189e-18	1.02073e-09	0	1.04189e-18	1.02073e-09	0
-3.8796	4.6683e-18	2.16063e-09	0	4.6683e-18	2.16063e-09	0
-3.61204	2.03264e-17	4.50848e-09	0	2.03264e-17	4.50848e-09	0
-3.34448	8.60054e-17	9.27391e-09	0	8.60054e-17	9.27391e-09	0
-3.07692	3.53635e-16	1.88052e-08	0	3.53635e-16	1.88052e-08	0
-2.80936	1.41302e-15	3.75901e-08	0	1.41302e-15	3.75901e-08	0
-2.54181	5.48662e-15	7.40717e-08	0	5.48662e-15	7.40717e-08	0
-2.27425	2.07027e-14	1.43884e-07	0	2.07027e-14	1.43884e-07	0
-2.00669	7.59121e-14	2.75522e-07	0	7.59121e-14	2.75522e-07	0
-1.73913	2.70496e-13	5.20092e-07	0	2.70496e-13	5.20092e-07	0
-1.47157	9.36641e-13	9.67802e-07	0	9.36641e-13	9.67802e-07	0
-1.20401	3.15174e-12	1.77531e-06	0	3.15174e-12	1.77531e-06	0
-0.936455	1.0306e-11	3.2103e-06	0	1.0306e-11	3.2103e-06	0
-0.668896	3.27488e-11	5.72266e-06	0	3.27488e-11	5.72266e-06	0
-0.401338	1.01126e-10	1.00562e-05	0	1.01126e-10	1.00562e-05	0
-0.133779	3.03457e-10	1.742e-05	0	3.03457e-10	1.742e-05	0
0.133779	8.849e-10	2.97473e-05	0	8.849e-10	2.97473e-05	0
0.401338	2.50758e-09	5.00758e-05	0	2.50758e-09	5.00758e-05	0
0.668896	6.90526e-09	8.30979e-05	0	6.90526e-09	8.30979e-05	0
0.936455	1.84786e-08	0.000135936	0	1.84786e-08	0.000135936	0
1.20401	4.80531e-08	0.00021921	0	4.80531e-08	0.00021921	0
1.47157	1.21433e-07	0.000348473	0	1.21433e-07	0.000348473	0
1.73913	2.98207e-07	0.000546084	0	2.98207e-07	0.000546084	0
2.00669	7.11644e-07	0.00084359	0	7.11644e-07	0.00084359	0
2.27425	1.65033e-06	0.00128465	0	1.65033e-06	0.00128465	0
2.54181	3.71915e-06	0.00192851	0	3.71915e-06	0.00192851	0
2.80936	8.14479e-06	0.00285391	0	8.14479e-06	0.00285391	0
3.07692	1.73333e-05	0.00416332	0	1.73333e-05	0.00416332	0
3.34448	3.58463e-05	0.00598718	0	3.58463e-05	0.00598718	0
3.61204	7.20399e-05	0.00848763	0	7.20399e-05	0.00848763	0
3.8796	0.000140691	0.0118613	0	0.000140691	0.0118613	0
4.14716	0.000267006	0.0163403	0	0.000267006	0.0163403	0
4.41472	0.000492427	0.0221907	0	0.000492427	0.0221907	0
4.68227	0.000882523	0.0297073	0	0.000882523	0.0297073	0
4.94983	0.001537	0.0392046	0	0.001537	0.0392046	0
5.21739	0.00260128	0.0510027	0	0.00260128	0.0510027	0
5.48495	0.00427821	0.0654081	0	0.00427821	0.0654081	0
5.75251	0.00683758	0.0826897	0	0.00683758	0.0826897	0
6.02007	0.0106196	0.103051	0	0.0106196	0.103051	0
6.28763	0.0160278	0.126601	0	0.0160278	0.126601	0
6.55518	0.0235075	0.153322	0	0.0235075	0.153322	0
6.82274	0.0335045	0.183042	0	0.0335045	0.183042	0
7.0903	0.0464047	0.215418	0	0.0464047	0.215418	0
7.35786	0.0624577	0.249915	0	0.0624577	0.249915	0
7.62542	0.081691	0.285816	0	0.081691	0.285816	0
7.89298	0.103831	0.322228	0	0.103831	0.322228	0
8.16054	0.128245	0.358114	0	0.128245	0.358114	0
8.42809	0.153929	0.392338	0	0.153929	0.392338	0
8.69565	0.179542	0.423723	0	0.179542	0.423723	0
8.96321	0.203504	0.451114	0	0.203504	0.451114	0
9.23077	0.224153	0.473448	0	0.224153	0.473448	0
9.49833	0.239927	0.489824	0	0.239927	0.489824	0
9.76589	0.249563	0.499562	0	0.249563	0.499562	0
10.0334	0.252257	0.502252	0	0.252257	0.502252	0
10.301	0.247782	0.497777	0	0.247782	0.497777	0
10.5686	0.236517	0.48633	0	0.236517	0.48633	0
10.8361	0.21939	0.468391	0	0.21939	0.468391	0
11.1037	0.197759	0.444701	0	0.197759	0.444701	0
11.3712	0.173229	0.416208	0	0.173229	0.416208	0
11.6388	0.147458	0.384002	0	0.147458	0.384002	0
11.9064	0.121977	0.349252	0	0.121977	0.349252	0
12.1739	0.0980514	0.313132	0	0.0980514	0.313132	0
12.4415	0.0765937	0.276756	0	0.0765937	0.276756	0
12.709	0.0581428	0.241128	0	0.0581428	0.241128	0
12.9766	0.0428907	0.207101	0	0.0428907	0.207101	0
13.2441	0.0307464	0.175347	0	0.0307464	0.175347	0
13.5117	0.0214185	0.146351	0	0.0214185	0.146351	0
13.7793	0.0144993	0.120413	0	0.0144993	0.120413	0
14.0468	0.00953831	0.0976643	0	0.00953831	0.0976643	0
14.3144	0.00609759	0.0780871	0	0.00609759	0.0780871	0
14.5819	0.003788	0.0615467	0	0.003788	0.0615467	0
14.8495	0.00228678	0.0478203	0	0.00228678	0.0478203	0
15.1171	0.00134154	0.036627	0	0.00134154	0.036627	0
15.3846	0.000764797	0.027655	0	0.000764797	0.027655	0
15.6522	0.000423694	0.0205838	0	0.000423694	0.0205838	0
15.9197	0.000228099	0.015103	0	0.000228099	0.015103	0
16.1873	0.000119332	0.0109239	0	0.000119332	0.0109239	0
16.4548	6.06676e-05	0.00778894	0	6.06676e-05	0.00778894	0
16.7224	2.99723e-05	0.00547469	0	2.99723e-05	0.00547469	0
16.99	1.43895e-05	0.00379335	0	1.43895e-05	0.00379335	0
17.2575	6.71331e-06	0.00259101	0	6.71331e-06	0.00259101	0
17.5251	3.04363e-06	0.0017446	0	3.04363e-06	0.0017446	0
17.7926	1.34094e-06	0.00115799	0	1.34094e-06	0.00115799	0
18.0602	5.74107e-07	0.000757698	0	5.74107e-07	0.000757698	0
18.3278	2.38858e-07	0.000488731	0	2.38858e-07	0.000488731	0
18.5953	9.65716e-08	0.00031076	0	9.65716e-08	0.00031076	0
18.8629	3.79423e-08	0.000194788	0	3.79423e-08	0.000194788	0
19.1304	1.44865e-08	0.00012036	0	1.44865e-08	0.00012036	0
19.398	5.37483e-09	7.33132e-05	0	5.37483e-09	7.33132e-05	0
19.6656	1.9379e-09	4.40216e-05	0	1.9379e-09	4.40216e-05	0
19.9331	6.78986e-10	2.60574e-05	0	6.78986e-10	2.60574e-05	0
20.2007	2.31183e-10	1.52047e-05	0	2.31183e-10	1.52047e-05	0
20.4682	7.64915e-11	8.74594e-06	0	7.64915e-11	8.74594e-06	0
20.7358	2.45944e-11	4.95927e-06	0	2.45944e-11	4.95927e-06	0
21.0033	7.68461e-12	2.77211e-06	0	7.68461e-12	2.77211e-06	0
21.2709	2.33331e-12	1.52752e-06	0	2.33331e-12	1.52752e-06	0
21.5385	6.88471e-13	8.29742e-07	0	6.88471e-13	8.29742e-07	0
21.806	1.97408e-13	4.44306e-07	0	1.97408e-13	4.44306e-07	0
22.0736	5.50055e-14	2.34532e-07	0	5.50055e-14	2.34532e-07	0
22.3411	1.4894e-14	1.22041e-07	0	1.4894e-14	1.22041e-07	0
22.6087	3.91906e-15	6.26024e-08	0	3.91906e-15	6.26024e-08	0
22.8763	1.00211e-15	3.16561e-08	0	1.00211e-15	3.16561e-08	0
23.1438	2.49008e-16	1.578e-08	0	2.49008e-16	1.578e-08	0
23.4114	6.01278e-17	7.75421e-09	0	6.01278e-17	7.75421e-09	0
23.6789	1.41092e-17	3.75622e-09	0	1.41092e-17	3.75622e-09	0
23.9465	3.21729e-18	1.79368e-09	0	3.21729e-18	1.79368e-09	0
24.214	7.12926e-19	8.44349e-10	0	7.12926e-19	8.44349e-10	0
24.4816	1.53519e-19	3.91815e-10	0	1.53519e-19	3.91815e-10	0
24.7492	3.2125e-20	1.79235e-10	0	3.2125e-20	1.79235e-10	0
25.0167	6.53265e-21	8.08248e-11	0	6.53265e-21	8.08248e-11	0
25.2843	1.29092e-21	3.59294e-11	0	1.29092e-21	3.59294e-11	0
25.5518	2.47898e-22	1.57448e-11	0	2.47898e-22	1.57448e-11	0
25.8194	4.62605e-23	6.8015e-12	0	4.62605e-23	6.8015e-12	0
26.087	8.38903e-24	2.89638e-12	0	8.38903e-24	2.89638e-12	0
26.3545	1.47835e-24	1.21587e-12	0	1.47835e-24	1.21587e-12	0
26.6221	2.53167e-25	5.03157e-13	0	2.53167e-25	5.03157e-13	0
26.8896	4.21308e-26	2.05258e-13	0	4.21308e-26	2.05258e-13	0
27.1572	6.81329e-27	8.25427e-14	0	6.81329e-27	8.25427e-14	0
27.4247	1.07073e-27	3.27219e-14	0	1.07073e-27	3.27219e-14	0
27.6923	1.63517e-28	1.27874e-14	0	1.63517e-28	1.27874e-14	0
27.9599	2.42668e-29	4.92614e-15	0	2.42668e-29	4.92614e-15	0
28.2274	3.49966e-30	1.87074e-15	0	3.49966e-30	1.87074e-15	0
28.495	4.9046e-31	7.00328e-16	0	4.9046e-31	7.00328e-16	0
28.7625	6.67951e-32	2.58447e-16	0	6.67951e-32	2.58447e-16	0
29.0301	8.83994e-33	9.4021e-17	0	8.83994e-33	9.4021e-17	0
29.2977	1.13689e-33	3.37178e-17	0	1.13689e-33	3.37178e-17	0
29.5652	1.42086e-34	1.192e-17	0	1.42086e-34	1.192e-17	0
29.8328	1.72563e-35	4.15407e-18	0	1.72563e-35	4.15407e-18	0
30.1003	2.03662e-36	1.4271e-18	0	2.03662e-36	1.4271e-18	0
30.3679	2.33579e-37	4.833e-19	0	2.33579e-37	4.833e-19	0
30.6355	2.60329e-38	1.61347e-19	0	2.60329e-38	1.61347e-19	0
30.903	2.81953e-39	5.30992e-20	0	2.81953e-39	5.30992e-20	0
31.1706	2.96752e-40	1.72265e-20	0	2.96752e-40	1.72265e-20	0
31.4381	3.03511e-41	5.50918e-21	0	3.03511e-41	5.50918e-21	0
31.7057	3.01661e-42	1.73684e-21	0	3.01661e-42	1.73684e-21	0
31.9732	2.91358e-43	5.39776e-22	0	2.91358e-43	5.39776e-22	0
32.2408	2.73464e-44	1.65367e-22	0	2.73464e-44	1.65367e-22	0
32.5084	2.49423e-45	4.99423e-23	0	2.49423e-45	4.99423e-23	0
32.7759	2.21074e-46	1.48686e-23	0	2.21074e-46	1.48686e-23	0
33.0435	1.90415e-47	4.36366e-24	0	1.90415e-47	4.36366e-24	0
33.311	1.59379e-48	1.26245e-24	0	1.59379e-48	1.26245e-24	0
33.5786	1.29635e-49	3.60049e-25	0	1.29635e-49	3.60049e-25	0
33.8462	1.02466e-50	1.01225e-25	0	1.02466e-50	1.01225e-25	0
34.1137	7.87046e-52	2.80543e-26	0	7.87046e-52	2.80543e-26	0
34.3813	5.87468e-53	7.66465e-27	0	5.87468e-53	7.66465e-27	0
34.6488	4.26121e-54	2.06427e-27	0	4.26121e-54	2.06427e-27	0
34.9164	3.00362e-55	5.48053e-28	0	3.00362e-55	5.48053e-28	0
35.1839	2.05741e-56	1.43437e-28	0	2.05741e-56	1.43437e-28	0
35.4515	1.3695e-57	3.70067e-29	0	1.3695e-57	3.70067e-29	0
35.7191	8.85862e-59	9.41202e-30	0	8.85862e-59	9.41202e-30	0
35.9866	5.56845e-60	2.35976e-30	0	5.56845e-60	2.35976e-30	0
36.2542	3.40147e-61	5.83221e-31	0	3.40147e-61	5.83221e-31	0
36.5217	2.01912e-62	1.42096e-31	0	2.01912e-62	1.42096e-31	0
36.7893	1.16472e-63	3.4128e-32	0	1.16472e-63	3.4128e-32	0
37.0569	6.529e-65	8.08022e-33	0	6.529e-65	8.08022e-33	0
37.3244	3.5566e-66	1.88589e-33	0	3.5566e-66	1.88589e-33	0
37.592	1.88272e-67	4.33904e-34	0	1.88272e-67	4.33904e-34	0
37.8595	9.68507e-69	9.84127e-35	0	9.68507e-69	9.84127e-35	0
38.1271	4.84153e-70	2.20035e-35	0	4.84153e-70	2.20035e-35	0
38.3946	2.35194e-71	4.84968e-36	0	2.35194e-71	4.84968e-36	0
38.6622	1.11028e-72	1.0537e-36	0	1.11028e-72	1.0537e-36	0
38.9298	5.09338e-74	2.25685e-37	0	5.09338e-74	2.25685e-37	0
39.1973	2.27061e-75	4.76509e-38	0	2.27061e-75	4.76509e-38	0
39.4649	9.83653e-77	9.91793e-39	0	9.83653e-77	9.91793e-39	0
39.7324	4.141e-78	2.03495e-39	0	4.141e-78	2.03495e-39	0
40	1.69408e-79	4.11592e-40	0	1.69408e-79	4.11592e-40	0
