-40	3.47276e-168	-1.29244e-84	-1.34252e-84	4.72793e-121	-5.31397e-61	4.3636e-61
-39.7324	1.41912e-167	-2.67817e-84	-2.64927e-84	2.47801e-119	-4.90197e-60	8.66469e-61
-39.4649	2.89884e-167	-4.00059e-84	-3.60328e-84	1.26211e-117	-3.35208e-59	-1.17672e-59
-39.1973	3.09033e-167	-4.46049e-84	-3.31773e-84	6.24678e-116	-1.64923e-58	-1.87798e-58
-38.9298	5.90703e-168	-2.36832e-84	-5.45967e-85	3.00455e-114	-3.58081e-58	-1.69597e-57
-38.6622	3.86954e-167	4.04995e-84	4.72158e-84	1.40432e-112	3.55268e-57	-1.13053e-56
-38.3946	2.5404e-166	1.35816e-83	8.3415e-84	6.37848e-111	5.82313e-56	-5.46589e-56
-38.1271	3.44007e-166	1.83806e-83	2.48166e-84	2.81535e-109	5.15238e-55	-1.26747e-55
-37.8595	2.29077e-166	8.57628e-84	-1.24709e-83	1.20757e-107	3.34786e-54	9.31409e-55
-37.592	3.116e-166	-9.21709e-84	-1.50547e-83	5.03331e-106	1.58876e-53	1.58403e-53
-37.3244	1.38591e-166	-8.92342e-84	7.67878e-84	2.03873e-104	3.86813e-53	1.37445e-52
-37.0569	1.81063e-166	6.77238e-84	1.16274e-83	8.02475e-103	-2.11388e-52	8.70511e-52
-36.7893	2.97896e-166	3.81157e-85	-1.72555e-83	3.06949e-101	-3.77963e-51	4.05084e-51
-36.5217	4.33708e-167	-3.06649e-84	5.82816e-84	1.14094e-99	-3.21938e-50	1.02226e-50
-36.2542	1.75633e-166	5.86348e-84	1.1885e-83	4.12123e-98	-1.98754e-49	-4.13443e-50
-35.9866	3.977e-166	-6.83444e-84	-1.87347e-83	1.44662e-96	-9.06099e-49	-7.9095e-49
-35.7191	2.00202e-166	5.30728e-84	1.31162e-83	4.93451e-95	-2.34653e-48	-6.6211e-48
-35.4515	4.22363e-167	-4.93292e-84	-4.23115e-84	1.63568e-93	6.92067e-48	-3.9847e-47
-35.1839	1.43364e-166	1.19358e-83	9.4944e-85	5.26887e-92	1.45139e-46	-1.7783e-46
-34.9164	1.15732e-165	-3.19977e-83	-1.15531e-83	1.6493e-90	1.19561e-45	-4.68854e-46
-34.6488	4.4196e-165	5.00099e-83	4.38019e-83	5.01703e-89	7.01494e-45	9.80246e-46
-34.3813	5.19954e-165	3.87267e-83	-6.08258e-83	1.48305e-87	3.0625e-44	2.33487e-44
-34.1137	4.7424e-163	-6.26435e-82	-2.8604e-82	4.26021e-86	8.16766e-44	1.89555e-43
-33.8462	1.53765e-161	2.6545e-81	2.88621e-81	1.18924e-84	-1.15065e-43	1.08444e-42
-33.5786	2.98958e-160	-6.38215e-81	-1.60694e-80	3.22605e-83	-3.29217e-42	4.62841e-42
-33.311	5.31976e-159	-2.35886e-81	7.28985e-80	8.50429e-82	-2.63848e-41	1.24206e-41
-33.0435	1.12632e-157	1.53156e-79	-2.98622e-79	2.17855e-80	-1.47211e-40	-1.07037e-41
-32.7759	2.18708e-156	-1.14692e-78	9.33618e-79	5.42328e-79	-6.13914e-40	-4.06741e-40
-32.5084	2.24662e-155	4.70592e-78	-5.66132e-79	1.31196e-77	-1.65041e-39	-3.22424e-39
-32.2408	1.49487e-154	-8.81203e-78	-8.47557e-78	3.0842e-76	6.92723e-40	-1.75482e-38
-31.9732	3.36918e-154	-1.79489e-77	-3.84113e-78	7.04577e-75	4.40177e-38	-7.14718e-38
-31.7057	3.65557e-152	-1.69946e-76	8.76009e-77	1.56415e-73	3.4589e-37	-1.91768e-37
-31.4381	5.53137e-149	5.02525e-75	5.48275e-75	3.37437e-72	1.83691e-36	1.16227e-38
-31.1706	7.94331e-147	-7.24743e-74	-5.18729e-74	7.07409e-71	7.30368e-36	4.17099e-36
-30.903	2.87216e-145	1.96902e-73	4.98443e-73	1.44116e-69	1.9497e-35	3.25734e-35
-30.6355	2.62678e-144	7.04758e-73	1.45948e-72	2.85311e-68	4.52636e-36	1.68851e-34
-30.3679	1.9932e-141	-2.01938e-71	-3.98172e-71	5.48894e-67	-3.45897e-34	6.55171e-34
-30.1003	4.2558e-140	2.57096e-71	2.04688e-70	1.02618e-65	-2.69264e-33	1.73535e-33
-29.8328	1.45242e-138	1.72028e-70	-1.19282e-69	1.86432e-64	-1.36295e-32	8.17769e-34
-29.5652	4.01635e-136	1.64756e-68	1.141e-68	3.29141e-63	-5.15936e-32	-2.509e-32
-29.2977	1.33289e-134	-9.40313e-68	-6.69853e-68	5.64687e-62	-1.35275e-31	-1.9537e-31
-29.0301	3.14515e-133	2.15132e-69	5.60812e-67	9.4145e-61	-9.01602e-32	-9.66086e-31
-28.7625	8.58055e-132	2.89042e-66	4.75414e-67	1.52528e-59	1.59072e-30	-3.56685e-30
-28.495	4.85641e-130	1.8397e-65	-1.21323e-65	2.40142e-58	1.24414e-29	-9.23878e-30
-28.2274	6.38255e-128	2.49855e-64	-3.73885e-65	3.67409e-57	6.01324e-29	-7.62824e-30
-27.9599	6.17423e-126	6.38276e-64	2.40142e-63	5.46255e-56	2.16492e-28	8.80734e-29
-27.6923	4.19075e-124	-1.96182e-62	-5.84835e-63	7.89233e-55	5.52976e-28	6.95306e-28
-27.4247	2.28562e-122	1.46943e-61	-3.55535e-62	1.1081e-53	5.28077e-28	3.28666e-27
-27.1572	1.09858e-120	-9.80236e-61	3.71097e-61	1.51188e-52	-4.25368e-27	1.15366e-26
-26.8896	4.91824e-119	6.93983e-60	-1.01053e-60	2.00455e-51	-3.40992e-26	2.90138e-26
-26.6221	2.11816e-117	-4.29162e-59	-1.66241e-59	2.58275e-50	-1.57743e-25	3.07362e-26
-26.3545	8.93472e-116	1.23464e-58	2.7222e-58	3.2338e-49	-5.39776e-25	-1.78946e-25
-26.087	3.72477e-114	1.05998e-57	-1.61282e-57	3.93465e-48	-1.33476e-24	-1.46733e-24
-25.8194	1.54005e-112	-1.20985e-56	-2.76229e-57	4.65225e-47	-1.52552e-24	-6.64796e-24
-25.5518	6.31657e-111	-4.13799e-57	7.93691e-56	5.34545e-46	6.54456e-24	-2.21746e-23
-25.2843	2.566e-109	5.06048e-55	2.26958e-56	5.96856e-45	5.5396e-23	-5.38503e-23
-25.0167	1.02996e-107	5.91301e-55	-3.15436e-54	6.47618e-44	2.46015e-22	-6.51015e-23
-24.7492	4.07419e-106	-1.8104e-53	-8.92555e-54	6.82861e-43	7.99869e-22	2.07534e-22
-24.4816	1.58428e-104	-9.44952e-53	8.31471e-53	6.99696e-42	1.90558e-21	1.83459e-21
-24.214	6.04264e-103	1.72975e-52	7.57855e-52	6.96707e-41	2.40138e-21	7.994e-21
-23.9465	2.25636e-101	4.43232e-51	1.70823e-51	6.74148e-40	-5.6848e-21	2.53344e-20
-23.6789	8.23567e-100	2.48271e-50	-1.43938e-50	6.33905e-39	-5.32899e-20	5.91544e-20
-23.4114	2.93465e-98	3.88376e-50	-1.66848e-49	5.79238e-38	-2.28079e-19	7.68377e-20
-23.1438	1.01987e-96	-5.0103e-49	-8.76834e-49	5.14345e-37	-7.04594e-19	-1.3376e-19
-22.8763	3.454e-95	-5.48816e-48	-2.10241e-48	4.43829e-36	-1.61109e-18	-1.35745e-18
-22.6087	1.13926e-93	-3.25828e-47	8.8101e-48	3.72169e-35	-2.13809e-18	-5.71362e-18
-22.3411	3.65793e-92	-1.2716e-46	1.42863e-46	3.0327e-34	2.67951e-18	-1.72073e-17
-22.0736	1.14287e-90	-2.05658e-46	1.04908e-45	2.4015e-33	3.03174e-17	-3.85013e-17
-21.806	3.47364e-89	1.7347e-45	5.63269e-45	1.84799e-32	1.2567e-16	-5.18345e-17
-21.5385	1.02682e-87	2.1925e-44	2.33692e-44	1.38191e-31	3.69007e-16	4.50006e-17
-21.2709	2.95157e-86	1.58463e-43	6.6371e-44	1.00421e-30	8.07413e-16	5.93543e-16
-21.0033	8.24898e-85	9.08216e-43	6.44229e-45	7.09141e-30	1.09638e-15	2.4268e-15
-20.7358	2.24124e-83	4.44043e-42	-1.64165e-42	4.86637e-29	-6.14645e-16	6.94881e-15
-20.4682	5.91944e-82	1.87726e-41	-1.54769e-41	3.2452e-28	-1.01833e-14	1.486e-14
-20.2007	1.51967e-80	6.64858e-41	-1.03809e-40	2.10302e-27	-4.11433e-14	2.02544e-14
-19.9331	3.79202e-79	1.69947e-40	-5.91878e-40	1.32436e-26	-1.14906e-13	-6.3373e-15
-19.6656	9.19661e-78	2.86204e-41	-3.03246e-39	8.10468e-26	-2.40038e-13	-1.53063e-13
-19.398	2.16773e-76	-3.53554e-39	-1.42924e-38	4.81979e-25	-3.27091e-13	-6.12365e-13
-19.1304	4.96585e-75	-3.23962e-38	-6.25806e-38	2.78538e-24	3.66611e-14	-1.66854e-12
-18.8629	1.10556e-73	-2.13551e-37	-2.54857e-37	1.56425e-23	2.01483e-12	-3.40337e-12
-18.5953	2.39202e-72	-1.21437e-36	-9.57777e-37	8.53669e-23	8.00103e-12	-4.62064e-12
-18.3278	5.02964e-71	-6.30559e-36	-3.2459e-36	4.52728e-22	2.12761e-11	-2.37436e-13
-18.0602	1.02776e-69	-3.06731e-35	-9.32316e-36	2.33319e-21	4.23576e-11	2.32169e-11
-17.7926	2.04092e-68	-1.41729e-34	-1.79485e-35	1.16849e-20	5.71302e-11	9.17664e-11
-17.5251	3.93857e-67	-6.27244e-34	2.05629e-35	5.68678e-20	1.05576e-11	2.38236e-10
-17.2575	7.38628e-66	-2.67293e-33	4.91649e-34	2.6895e-19	-2.34068e-10	4.62776e-10
-16.99	1.34613e-64	-1.10055e-32	3.67304e-33	1.23606e-18	-9.23843e-10	6.18525e-10
-16.7224	2.38406e-63	-4.38793e-32	2.14165e-32	5.52041e-18	-2.34252e-09	1.81708e-10
-16.4548	4.10315e-62	-1.69623e-31	1.10723e-31	2.39589e-17	-4.43864e-09	-2.06334e-09
-16.1873	6.86257e-61	-6.36042e-31	5.30761e-31	1.01048e-16	-5.86604e-09	-8.16318e-09
-15.9197	1.11538e-59	-2.31278e-30	2.40934e-30	4.14144e-16	-2.24502e-09	-2.02263e-08
-15.6522	1.76169e-58	-8.14546e-30	1.04795e-29	1.64945e-15	1.58909e-08	-3.73755e-08
-15.3846	2.70397e-57	-2.77227e-29	4.39934e-29	6.38398e-15	6.33046e-08	-4.87494e-08
-15.1171	4.03311e-56	-9.08212e-29	1.79116e-28	2.40108e-14	1.53358e-07	-2.21858e-08
-14.8495	5.8458e-55	-2.84521e-28	7.09667e-28	8.77581e-14	2.76312e-07	1.06817e-07
-14.5819	8.23405e-54	-8.42656e-28	2.74299e-27	3.11696e-13	3.55099e-07	4.30814e-07
-14.3144	1.12706e-52	-2.30877e-27	1.03622e-26	1.07582e-12	1.82424e-07	1.02105e-06
-14.0468	1.49916e-51	-5.57688e-27	3.83153e-26	3.60837e-12	-6.25881e-07	1.7935e-06
-13.7793	1.93782e-50	-1.02544e-26	1.38827e-25	1.17611e-11	-2.57265e-06	2.26771e-06
-13.5117	2.43413e-49	-3.23743e-27	4.93358e-25	3.72517e-11	-5.96943e-06	1.27187e-06
-13.2441	2.97124e-48	9.85274e-26	1.72091e-24	1.14659e-10	-1.02213e-05	-3.19131e-06
-12.9766	3.5245e-47	6.9735e-25	5.89565e-24	3.42955e-10	-1.26991e-05	-1.34792e-05
-12.709	4.06276e-46	3.51462e-24	1.98475e-23	9.96849e-10	-7.59856e-06	-3.06449e-05
-12.4415	4.55102e-45	1.53769e-23	6.56854e-23	2.81569e-09	1.41282e-05	-5.11477e-05
-12.1739	4.95406e-44	6.19346e-23	2.13787e-22	7.72866e-09	6.19559e-05	-6.23709e-05
-11.9064	5.24056e-43	2.35604e-22	6.84505e-22	2.06152e-08	0.000138139	-3.91518e-05
-11.6388	5.38714e-42	8.57983e-22	2.15662e-21	5.34362e-08	0.000224735	5.41338e-05
-11.3712	5.3815e-41	3.01505e-21	6.68763e-21	1.34601e-07	0.000268709	0.000249792
-11.1037	5.22411e-40	1.0277e-20	2.04155e-20	3.29475e-07	0.000174725	0.00054676
-10.8361	4.92817e-39	3.40973e-20	6.1364e-20	7.83721e-07	-0.000178695	0.000867058
-10.5686	4.51776e-38	1.10392e-19	1.81634e-19	1.81161e-06	-0.000883253	0.00101562
-10.301	4.02461e-37	3.49404e-19	5.29507e-19	4.06942e-06	-0.00190016	0.000677368
-10.0334	3.48409e-36	1.08267e-18	1.5205e-18	8.88308e-06	-0.00293743	-0.000504593
-9.76589	2.93102e-35	3.2879e-18	4.30116e-18	1.88434e-05	-0.00336805	-0.00273855
-9.49833	2.39614e-34	9.79422e-18	1.1987e-17	3.88435e-05	-0.00228605	-0.00579806
-9.23077	1.90358e-33	2.86388e-17	3.2915e-17	7.78111e-05	0.00120464	-0.00873842
-8.96321	1.46957e-32	8.2247e-17	8.90571e-17	0.000151471	0.00744381	-0.00980104
-8.69565	1.1025e-31	2.32098e-16	2.37445e-16	0.000286536	0.0155333	-0.00672709
-8.42809	8.03761e-31	6.43846e-16	6.23878e-16	0.000526738	0.0228271	0.0023795
-8.16054	5.6943e-30	1.75628e-15	1.61548e-15	0.000940966	0.0250295	0.0177339
-7.89298	3.92029e-29	4.7123e-15	4.12276e-15	0.00163349	0.0172815	0.0365355
-7.62542	2.62277e-28	1.24395e-14	1.03699e-14	0.00275565	-0.0037102	0.052363
-7.35786	1.70516e-27	3.23143e-14	2.57088e-14	0.00451747	-0.0370188	0.0560988
-7.0903	1.07729e-26	8.26209e-14	6.28231e-14	0.00719664	-0.0754434	0.0387934
-6.82274	6.61406e-26	2.07948e-13	1.51321e-13	0.0111411	-0.105477	-0.00396881
-6.55518	3.94608e-25	5.1529e-13	3.59282e-13	0.0167607	-0.110359	-0.067687
-6.28763	2.28785e-24	1.25728e-12	8.40883e-13	0.0245029	-0.0761532	-0.136761
-6.02007	1.289e-23	3.02097e-12	1.94004e-12	0.0348104	0.000836208	-0.186574
-5.75251	7.05736e-23	7.14879e-12	4.4123e-12	0.0480578	0.108363	-0.190566
-5.48495	3.75487e-22	1.66621e-11	9.89258e-12	0.0644737	0.217629	-0.130809
-5.21739	1.94139e-21	3.82533e-11	2.1865e-11	0.0840553	0.289804	-0.00830393
-4.94983	9.75426e-21	8.6513e-11	4.76419e-11	0.106491	0.288861	0.151823
-4.68227	4.76255e-20	1.9275e-10	1.02338e-10	0.131106	0.196711	0.303991
-4.41472	2.25969e-19	4.23087e-10	2.16717e-10	0.156855	0.0244497	0.395293
-4.14716	1.04189e-18	9.14979e-10	4.52443e-10	0.182363	-0.186048	0.384381
-3.8796	4.66831e-18	1.94965e-09	9.31223e-10	0.206034	-0.372706	0.259083
-3.61204	2.03264e-17	4.0934e-09	1.88958e-09	0.226206	-0.473471	0.0450683
-3.34448	8.60054e-17	8.46856e-09	3.78008e-09	0.241343	-0.449039	-0.199267
-3.07692	3.53635e-16	1.72642e-08	7.45527e-09	0.250224	-0.298966	-0.401053
-2.80936	1.41302e-15	3.46825e-08	1.44962e-08	0.252109	-0.0641083	-0.497995
-2.54181	5.48662e-15	6.86613e-08	2.77894e-08	0.246837	0.18637	-0.460547
-2.27425	2.07027e-14	1.33956e-07	5.25212e-08	0.234853	0.378733	-0.302348
-2.00669	7.59122e-14	2.57555e-07	9.78646e-08	0.217143	0.459948	-0.0747721
-1.73913	2.70496e-13	4.8803e-07	1.79785e-07	0.195102	0.414712	0.15204
-1.47157	9.36641e-13	9.11378e-07	3.25624e-07	0.170349	0.268043	0.31385
-1.20401	3.15174e-12	1.67739e-06	5.81458e-07	0.144538	0.0733994	0.373029
-0.936455	1.0306e-11	3.04272e-06	1.02367e-06	0.119176	-0.108028	0.327881
-0.668896	3.27488e-11	5.43984e-06	1.7768e-06	0.09549	-0.228204	0.208357
-0.401338	1.01126e-10	9.58547e-06	3.04061e-06	0.0743518	-0.265655	0.0614765
-0.133779	3.03457e-10	1.66475e-05	5.13006e-06	0.0562587	-0.227612	-0.0667204
0.133779	8.849e-10	2.8497e-05	8.53346e-06	0.0413668	-0.142037	-0.145576
0.401338	2.50758e-09	4.80804e-05	1.39949e-05	0.0295582	-0.0442882	-0.166123
0.668896	6.90526e-09	7.99575e-05	2.26285e-05	0.0205243	0.0357237	-0.138737
0.936455	1.84786e-08	0.000131062	3.60732e-05	0.0138491	0.081463	-0.0849287
1.20401	4.80531e-08	0.000211751	5.66963e-05	0.00908112	0.0912152	-0.0275845
1.47157	1.21433e-07	0.000337216	8.78552e-05	0.00578657	0.0742544	0.0165181
1.73913	2.98207e-07	0.000529332	0.000134221	0.00358317	0.0445481	0.039983
2.00669	7.11644e-07	0.000819006	0.000202171	0.00215614	0.0149058	0.0439768
2.27425	1.65033e-06	0.00124908	0.000300232	0.00126081	-0.00655813	0.034897
2.54181	3.71915e-06	0.00187774	0.000439579	0.000716454	-0.0172091	0.0205013
2.80936	8.14479e-06	0.00278247	0.000634539	0.000395631	-0.018616	0.00700546
3.07692	1.73333e-05	0.0040642	0.00090307	0.000212303	-0.0144012	-0.00221534
3.34448	3.58463e-05	0.00585155	0.00126714	0.00011071	-0.0082786	-0.00649418
3.61204	7.20399e-05	0.00830464	0.00175295	5.61021e-05	-0.00286878	-0.00691897
3.8796	0.000140691	0.0116179	0.00239087	2.76272e-05	0.000626648	-0.00521867
4.14716	0.000267006	0.0160209	0.00321501	1.32208e-05	0.00214821	-0.0029336
4.41472	0.000492427	0.0217775	0.00426233	6.14813e-06	0.00225775	-0.00102503
4.68227	0.000882523	0.0291802	0.00557125	2.77839e-06	0.00166063	0.000143801
4.94983	0.001537	0.0385416	0.00717954	1.22013e-06	0.000912325	0.00062273
5.21739	0.00260128	0.0501804	0.00912177	5.20695e-07	0.0003199	0.000646807
5.48495	0.00427821	0.0644023	0.0114262	2.15936e-07	-2.47333e-05	0.00046403
5.75251	0.00683758	0.0814768	0.0141111	8.70222e-08	-0.000158146	0.000249022
6.02007	0.0106196	0.101609	0.0171813	3.408e-08	-0.000162674	8.72772e-05
6.28763	0.0160278	0.12491	0.0206248	1.29698e-08	-0.000113862	-2.29156e-06
6.55518	0.0235075	0.151366	0.0244096	4.79656e-09	-5.96616e-05	-3.51718e-05
6.82274	0.0335045	0.180813	0.0284818	1.72382e-09	-2.08299e-05	-3.59156e-05
7.0903	0.0464047	0.212911	0.032765	6.02027e-10	-3.19075e-07	-2.45342e-05
7.35786	0.0624577	0.247137	0.0371611	2.04317e-10	6.84726e-06	-1.25472e-05
7.62542	0.081691	0.28278	0.0415529	6.73842e-11	6.96065e-06	-4.35127e-06
7.89298	0.103831	0.318955	0.0458088	2.15961e-11	4.64222e-06	-2.14308e-07
8.16054	0.128245	0.354636	0.0497887	6.72599e-12	2.31642e-06	1.16626e-06
8.42809	0.153929	0.388694	0.0533514	2.03564e-12	7.95945e-07	1.18411e-06
8.69565	0.179542	0.419958	0.056363	5.98701e-13	6.12638e-08	7.71329e-07
8.96321	0.203504	0.447278	0.058705	1.71113e-13	-1.7368e-07	3.75431e-07
9.23077	0.224153	0.469594	0.0602821	4.75247e-14	-1.76798e-07	1.27542e-07
9.49833	0.239927	0.486007	0.0610286	1.28269e-14	-1.12541e-07	1.27018e-08
9.76589	0.249563	0.495835	0.060913	3.36423e-15	-5.34195e-08	-2.2596e-08
10.0334	0.252257	0.498662	0.0599402	8.5746e-16	-1.79089e-08	-2.31675e-08
10.301	0.247782	0.494369	0.0581508	2.12377e-16	-2.11314e-09	-1.44191e-08
10.5686	0.236517	0.483139	0.0556191	5.11168e-17	2.56567e-09	-6.67339e-09
10.8361	0.21939	0.465445	0.0524471	1.1956e-17	2.66413e-09	-2.20418e-09
11.1037	0.197759	0.44202	0.0487583	2.71749e-18	1.62225e-09	-2.92926e-10
11.3712	0.173229	0.413801	0.0446894	6.00229e-19	7.31953e-10	2.53917e-10
11.6388	0.147458	0.381873	0.0403821	1.28834e-19	2.37841e-10	2.68822e-10
11.9064	0.121977	0.347395	0.035975	2.68724e-20	3.44562e-11	1.60266e-10
12.1739	0.0980514	0.311533	0.0315966	5.44687e-21	-2.18656e-11	7.04894e-11
12.4415	0.0765937	0.2754	0.0273594	1.07288e-21	-2.37993e-11	2.2505e-11
12.709	0.0581428	0.239994	0.0233561	2.05362e-22	-1.39029e-11	3.47453e-12
12.9766	0.0428907	0.206166	0.0196571	3.8199e-23	-5.96046e-12	-1.63459e-12
13.2441	0.0307464	0.174586	0.0163104	6.90476e-24	-1.86766e-12	-1.8484e-12
13.5117	0.0214185	0.145741	0.0133425	1.21285e-24	-3.0226e-13	-1.05901e-12
13.7793	0.0144993	0.119931	0.0107605	2.0703e-25	1.05737e-13	-4.42549e-13
14.0468	0.00953831	0.0972888	0.00855566	3.43417e-26	1.25922e-13	-1.3596e-13
14.3144	0.00609759	0.0777986	0.00670654	5.53571e-27	7.08296e-14	-2.27788e-14
14.5819	0.003788	0.0613281	0.00518284	8.67141e-28	2.8852e-14	5.89074e-15
14.8495	0.00228678	0.047657	0.00394875	1.31999e-28	8.68316e-15	7.5234e-15
15.1171	0.00134154	0.0365067	0.00296603	1.9526e-29	1.49144e-15	4.15952e-15
15.3846	0.000764797	0.0275676	0.00219641	2.80687e-30	-2.80594e-16	1.65171e-15
15.6522	0.000423694	0.0205213	0.00160352	3.92097e-31	-3.9414e-16	4.86571e-16
15.9197	0.000228099	0.0150588	0.00115414	5.32267e-32	-2.14473e-16	8.50194e-17
16.1873	0.000119332	0.0108932	0.000818959	7.0215e-33	-8.30303e-17	-1.12901e-17
16.4548	6.06676e-05	0.00776784	0.000572912	9.00106e-34	-2.39256e-17	-1.81018e-17
16.7224	2.99723e-05	0.00546042	0.000395125	1.1213e-34	-4.22614e-18	-9.70926e-18
16.99	1.43895e-05	0.00378383	0.00026866	1.35742e-35	3.75221e-19	-3.66516e-18
17.2575	6.71331e-06	0.00258474	0.00018009	1.59687e-36	7.28649e-19	-1.03244e-18
17.5251	3.04363e-06	0.00174054	0.000119014	1.82553e-37	3.85897e-19	-1.83403e-19
17.7926	1.34094e-06	0.00115539	7.75399e-05	2.02802e-38	1.42071e-19	9.80305e-21
18.0602	5.74107e-07	0.00075606	4.98048e-05	2.18938e-39	3.91016e-20	2.56991e-20
18.3278	2.38858e-07	0.000487712	3.15382e-05	2.29685e-40	6.95527e-21	1.34651e-20
18.5953	9.65716e-08	0.000310135	1.96889e-05	2.34157e-41	-1.73026e-22	4.83589e-21
18.8629	3.79423e-08	0.000194411	1.21178e-05	2.31978e-42	-7.93915e-22	1.2998e-21
19.1304	1.44865e-08	0.000120135	7.35264e-06	2.23332e-43	-4.1246e-22	2.3067e-22
19.398	5.37483e-09	7.31812e-05	4.39826e-06	2.08939e-44	-1.44547e-22	-3.81107e-25
19.6656	1.9379e-09	4.39451e-05	2.5938e-06	1.89955e-45	-3.79265e-23	-2.14739e-23
19.9331	6.78986e-10	2.60137e-05	1.50803e-06	1.67821e-46	-6.69424e-24	-1.10909e-23
20.2007	2.31183e-10	1.51801e-05	8.64366e-07	1.44081e-47	-1.1572e-25	-3.79403e-24
20.4682	7.64915e-11	8.73229e-06	4.88431e-07	1.20207e-48	5.08296e-25	-9.71443e-25
20.7358	2.45944e-11	4.9518e-06	2.72098e-07	9.74577e-50	2.61781e-25	-1.70083e-25
21.0033	7.68461e-12	2.76808e-06	1.49438e-07	7.67834e-51	8.74489e-26	-5.57091e-27
21.2709	2.33331e-12	1.52537e-06	8.09124e-08	5.87872e-52	2.18435e-26	1.0523e-26
21.5385	6.88471e-13	8.28617e-07	4.319e-08	4.37383e-53	3.78488e-27	5.42338e-27
21.806	1.97408e-13	4.43724e-07	2.27283e-08	3.16232e-54	1.71775e-28	1.76997e-27
22.0736	5.50055e-14	2.34236e-07	1.17914e-08	2.22184e-55	-1.90398e-28	4.31199e-28
22.3411	1.4894e-14	1.21892e-07	6.03082e-09	1.51699e-56	-9.86121e-29	7.37942e-29
22.6087	3.91906e-15	6.25285e-08	3.0409e-09	1.00651e-57	-3.14584e-29	4.10876e-30
22.8763	1.00211e-15	3.162e-08	1.51162e-09	6.4896e-59	-7.4731e-30	-3.00812e-30
23.1438	2.49008e-16	1.57626e-08	7.40792e-10	4.06613e-60	-1.26096e-30	-1.57356e-30
23.4114	6.01278e-17	7.74595e-09	3.57901e-10	2.47576e-61	-8.07461e-32	-4.90974e-31
23.6789	1.41092e-17	3.75235e-09	1.70468e-10	1.46487e-62	4.14509e-32	-1.13712e-31
23.9465	3.21729e-18	1.79189e-09	8.00455e-11	8.42275e-64	2.2034e-32	-1.88886e-32
24.214	7.12926e-19	8.43536e-10	3.70546e-11	4.70623e-65	6.72867e-33	-1.33688e-33
24.4816	1.53519e-19	3.9145e-10	1.69106e-11	2.55538e-66	1.51919e-33	4.97427e-34
24.7492	3.2125e-20	1.79073e-10	7.60835e-12	1.34835e-67	2.48089e-34	2.70715e-34
25.0167	6.53265e-21	8.07543e-11	3.37468e-12	6.91375e-69	1.88959e-35	8.09734e-35
25.2843	1.29092e-21	3.5899e-11	1.47566e-12	3.44499e-70	-5.18817e-36	1.78208e-35
25.5518	2.47898e-22	1.57319e-11	6.36136e-13	1.66812e-71	-2.91805e-36	2.85765e-36
25.8194	4.62605e-23	6.79613e-12	2.7035e-13	7.84928e-73	-8.55639e-37	2.29805e-37
26.087	8.38903e-24	2.89417e-12	1.13269e-13	3.58919e-74	-1.83554e-37	-4.69026e-38
26.3545	1.47835e-24	1.21497e-12	4.67853e-14	1.59488e-75	-2.88718e-38	-2.75916e-38
26.6221	2.53167e-25	5.02796e-13	1.9051e-14	6.88687e-77	-2.41684e-39	-7.93899e-39
26.8896	4.21308e-26	2.05115e-13	7.64778e-15	2.88989e-78	3.66077e-40	-1.66008e-39
27.1572	6.81329e-27	8.24872e-14	3.02666e-15	1.17843e-79	2.28822e-40	-2.55897e-40
27.4247	1.07073e-27	3.27006e-14	1.18087e-15	4.66971e-81	6.46781e-41	-2.20556e-41
27.6923	1.63517e-28	1.27793e-14	4.54201e-16	1.79821e-82	1.31836e-41	2.45239e-42
27.9599	2.42668e-29	4.92312e-15	1.72228e-16	6.72907e-84	1.98992e-42	1.66412e-42
28.2274	3.49966e-30	1.86963e-15	6.43827e-17	2.447e-85	1.75078e-43	4.62652e-43
28.495	4.9046e-31	6.99926e-16	2.3727e-17	8.6472e-87	-1.39688e-44	9.19352e-44
28.7625	6.67951e-32	2.58304e-16	8.62038e-18	2.96949e-88	-1.06108e-44	1.35779e-44
29.0301	8.83994e-33	9.39703e-17	3.08758e-18	9.90951e-90	-2.90566e-45	1.21105e-45
29.2977	1.13689e-33	3.37002e-17	1.09023e-18	3.21356e-91	-5.62963e-46	-6.65461e-47
29.5652	1.42086e-34	1.19139e-17	3.79512e-19	1.01271e-92	-8.13017e-47	-5.93053e-47
29.8328	1.72563e-35	4.15203e-18	1.30239e-19	3.10132e-94	-7.30968e-48	-1.60219e-47
30.1003	2.03662e-36	1.42642e-18	4.4062e-20	9.2294e-96	2.56505e-49	-3.02714e-48
30.3679	2.33579e-37	4.83077e-19	1.46958e-20	2.66909e-97	2.9047e-49	-4.27243e-49
30.6355	2.60329e-38	1.61275e-19	4.83206e-21	7.50097e-99	7.75612e-50	-3.85388e-50
30.903	2.81953e-39	5.30761e-20	1.56631e-21	2.0485e-100	1.42937e-50	7.3542e-52
31.1706	2.96752e-40	1.72192e-20	5.00529e-22	5.43648e-102	1.97056e-51	1.24634e-51
31.4381	3.03511e-41	5.50692e-21	1.57684e-22	1.40205e-103	1.77633e-52	3.29623e-52
31.7057	3.01661e-42	1.73615e-21	4.89726e-23	3.51377e-105	-1.08339e-54	5.92672e-53
31.9732	2.91358e-43	5.39568e-22	1.49942e-23	8.55752e-107	-4.68318e-54	7.97765e-54
32.2408	2.73464e-44	1.65305e-22	4.52587e-24	2.02528e-108	-1.22974e-54	7.16249e-55
32.5084	2.49423e-45	4.99241e-23	1.34674e-24	4.65787e-110	-2.15797e-55	3.20481e-57
32.7759	2.21074e-46	1.48633e-23	3.9507e-25	1.04101e-111	-2.83503e-56	-1.54035e-56
33.0435	1.90415e-47	4.36216e-24	1.14253e-25	2.26091e-113	-2.52789e-57	-4.02727e-57
33.311	1.59379e-48	1.26203e-24	3.25739e-26	4.77174e-115	-3.31292e-59	-6.89983e-58
33.5786	1.29635e-49	3.59932e-25	9.15535e-27	9.78667e-117	4.43241e-59	-8.84423e-59
33.8462	1.02466e-50	1.01194e-25	2.5368e-27	1.95055e-118	1.15766e-59	-7.81269e-60
34.1137	7.87046e-52	2.80458e-26	6.92949e-28	3.77783e-120	1.93727e-60	-1.57469e-61
34.3813	5.87468e-53	7.66238e-27	1.86604e-28	7.11036e-122	2.42217e-61	1.11511e-61
34.6488	4.26121e-54	2.06367e-27	4.95389e-29	1.30049e-123	2.11522e-62	2.92074e-62
34.9164	3.00362e-55	5.479e-28	1.29651e-29	2.31144e-125	5.48009e-64	4.77641e-63
35.1839	2.05741e-56	1.43398e-28	3.34511e-30	3.99231e-127	-2.45077e-64	5.82382e-64
35.4515	1.3695e-57	3.6997e-29	8.50839e-31	6.70085e-129	-6.46719e-65	5.01836e-65
35.7191	8.85862e-59	9.4096e-30	2.13348e-31	1.09295e-130	-1.03411e-65	1.535e-66
35.9866	5.56845e-60	2.35917e-30	5.27394e-32	1.73234e-132	-1.22939e-66	-4.70051e-67
36.2542	3.40147e-61	5.83079e-31	1.28524e-32	2.66827e-134	-1.0436e-67	-1.25665e-67
36.5217	2.01912e-62	1.42062e-31	3.08771e-33	3.99385e-136	-3.58744e-69	-1.966e-68
36.7893	1.16472e-63	3.41202e-32	7.31296e-34	5.80921e-138	7.85732e-70	-2.27856e-69
37.0569	6.529e-65	8.07842e-33	1.70747e-34	8.2112e-140	2.14261e-70	-1.90274e-70
37.3244	3.5566e-66	1.88548e-33	3.9302e-35	1.12787e-141	3.28205e-71	-7.1196e-72
37.592	1.88272e-67	4.33812e-34	8.91825e-36	1.50549e-143	3.70798e-72	1.14271e-72
37.8595	9.68507e-69	9.83925e-35	1.99502e-36	1.9528e-145	3.04214e-73	3.20522e-73
38.1271	4.84153e-70	2.19991e-35	4.39965e-37	2.46152e-147	1.2118e-74	4.81111e-74
38.3946	2.35194e-71	4.84874e-36	9.56514e-38	3.01518e-149	-1.44247e-75	5.29821e-75
38.6622	1.11028e-72	1.0535e-36	2.05006e-38	3.5891e-151	-4.20633e-76	4.26589e-76
38.9298	5.09338e-74	2.25644e-37	4.33156e-39	4.15167e-153	-6.19264e-77	1.77986e-77
39.1973	2.27061e-75	4.76424e-38	9.02244e-40	4.66685e-155	-6.64733e-78	-1.57527e-78
39.4649	9.83653e-77	9.9162e-39	1.8527e-40	5.09787e-157	-5.24731e-79	-4.84194e-79
39.7324	4.141e-78	2.0346e-39	3.7505e-41	5.4115e-159	-2.2651e-80	-6.99888e-80
40	1.69408e-79	4.11524e-40	7.48469e-42	5.58227e-161	1.48111e-81	-7.32318e-81
