-40	6.01472e-168	2.34693e-84	-7.11787e-85	8.85846e-91	4.26904e-46	8.38808e-46
-39.7324	2.53267e-167	4.83151e-84	-1.40825e-84	2.70867e-89	7.4303e-46	5.15118e-45
-39.4649	5.67127e-167	7.26839e-84	-1.97057e-84	8.04858e-88	-5.19797e-45	2.78898e-44
-39.1973	7.96241e-167	8.69323e-84	-2.01292e-84	2.32405e-86	-7.46585e-44	1.32916e-43
-38.9298	5.42553e-167	7.31493e-84	-8.64338e-85	6.52134e-85	-6.00956e-43	5.3943e-43
-38.6622	7.07325e-168	1.9867e-84	1.76813e-84	1.77824e-83	-3.87748e-42	1.65759e-42
-38.3946	3.4334e-167	-4.26891e-84	4.01377e-84	4.71205e-82	-2.16438e-41	1.65817e-42
-38.1271	1.01288e-167	-3.03928e-84	9.4423e-85	1.21337e-80	-1.067e-40	-2.73649e-41
-37.8595	1.60977e-166	8.61358e-84	-9.31576e-84	3.03626e-79	-4.6134e-40	-3.01316e-40
-37.592	3.44259e-166	1.22373e-83	-1.39466e-83	7.38328e-78	-1.67605e-39	-2.13872e-39
-37.3244	6.2673e-167	-7.62552e-84	2.12705e-84	1.74471e-76	-4.3699e-39	-1.2465e-38
-37.0569	3.17765e-166	-1.22748e-83	1.29265e-83	4.00647e-75	-6.11969e-40	-6.32937e-38
-36.7893	2.9375e-166	1.44087e-83	-9.28108e-84	8.94055e-74	9.34472e-38	-2.8403e-37
-36.5217	1.24852e-167	-1.26321e-84	-3.29993e-84	1.93879e-72	8.3752e-37	-1.11236e-36
-36.2542	1.86599e-166	-3.15604e-84	1.32905e-83	4.08565e-71	5.283e-36	-3.59811e-36
-35.9866	2.64826e-166	-1.10347e-84	-1.6236e-83	8.36672e-70	2.78743e-35	-7.72622e-36
-35.7191	1.745e-166	3.56206e-84	1.27205e-83	1.665e-68	1.28824e-34	7.36719e-36
-35.4515	6.47321e-167	-2.16772e-84	-7.74811e-84	3.21985e-67	5.25976e-34	2.12919e-34
-35.1839	4.0208e-167	-2.09746e-84	5.98403e-84	6.05092e-66	1.86199e-33	1.60745e-33
-34.9164	2.71965e-166	1.58127e-83	-4.68215e-84	1.10502e-64	5.32429e-33	9.0639e-33
-34.6488	3.98212e-165	-5.92656e-83	-2.16727e-83	1.96104e-63	8.9539e-33	4.33689e-32
-34.3813	3.22276e-164	1.35964e-82	1.17224e-82	3.38192e-62	-2.27306e-32	1.8249e-31
-34.1137	2.85513e-164	-3.76432e-83	-1.64725e-82	5.66768e-61	-3.28434e-31	6.77421e-31
-33.8462	2.47781e-162	-1.29343e-81	-8.97142e-82	9.23021e-60	-2.1344e-30	2.16207e-30
-33.5786	9.32725e-161	6.88259e-81	6.77513e-81	1.46077e-58	-1.08066e-29	5.41242e-30
-33.311	1.15687e-159	-2.28137e-80	-2.52272e-80	2.24655e-57	-4.69549e-29	6.46401e-30
-33.0435	2.04213e-158	1.13242e-79	8.71638e-80	3.35748e-56	-1.79912e-28	-3.47339e-29
-32.7759	1.22892e-156	-1.06489e-78	-3.08085e-79	4.87613e-55	-6.06604e-28	-3.45896e-28
-32.5084	4.30588e-155	6.44142e-78	-1.25174e-78	6.88178e-54	-1.7397e-27	-1.96347e-27
-32.2408	1.34816e-153	-1.64656e-77	3.28184e-77	9.43823e-53	-3.76109e-27	-8.95748e-27
-31.9732	3.10265e-152	-3.02802e-77	-1.73521e-76	1.25789e-51	-2.48101e-27	-3.53799e-26
-31.7057	1.65424e-150	1.22061e-75	-4.054e-76	1.62915e-50	3.25058e-26	-1.2343e-25
-31.4381	2.79975e-148	-1.21832e-74	1.14693e-74	2.05042e-49	2.50055e-25	-3.77512e-25
-31.1706	1.09889e-146	1.89599e-74	-1.03099e-73	2.50778e-48	1.25272e-24	-9.68742e-25
-30.903	1.61969e-145	1.39894e-73	3.77358e-73	2.98057e-47	5.16358e-24	-1.77289e-24
-30.6355	2.18292e-144	9.58387e-73	1.12446e-72	3.44249e-46	1.85538e-23	-5.96707e-26
-30.3679	1.5952e-141	-3.62373e-71	-1.67947e-71	3.86376e-45	5.8919e-23	1.98068e-23
-30.1003	2.55204e-140	1.55343e-70	-3.72685e-71	4.21416e-44	1.63197e-22	1.24533e-22
-29.8328	5.19144e-138	-1.01533e-69	2.03974e-69	4.4666e-43	3.7264e-22	5.54797e-22
-29.5652	9.47961e-137	8.98797e-69	-3.74331e-69	4.60051e-42	5.5957e-22	2.0706e-21
-29.2977	5.9719e-135	-7.00776e-68	-3.25734e-68	4.60468e-41	-4.31136e-22	6.77207e-21
-29.0301	1.17387e-132	7.48274e-67	-7.83553e-67	4.47875e-40	-8.0674e-21	1.95651e-20
-28.7625	4.23179e-131	-4.4022e-66	4.78942e-66	4.23329e-39	-4.28342e-20	4.89747e-20
-28.495	1.113e-129	3.32419e-65	2.82435e-66	3.88833e-38	-1.70665e-19	9.87762e-20
-28.2274	3.34e-128	3.9085e-65	-1.78528e-64	3.47067e-37	-5.77712e-19	1.15392e-19
-27.9599	1.69494e-126	-6.27502e-64	-1.14069e-63	3.01041e-36	-1.72033e-18	-2.25562e-19
-27.6923	1.60844e-124	-3.05249e-63	-1.23096e-62	2.53748e-35	-4.51843e-18	-2.22679e-18
-27.4247	1.40707e-122	9.76716e-62	-6.73121e-62	2.07847e-34	-1.01942e-17	-1.01944e-17
-27.1572	9.42122e-121	2.71922e-61	9.31762e-61	1.65443e-33	-1.79798e-17	-3.64851e-17
-26.8896	5.15852e-119	-6.12519e-60	-3.75064e-60	1.27973e-32	-1.47044e-17	-1.12165e-16
-26.6221	2.48196e-117	4.85126e-59	1.13355e-59	9.61948e-32	6.07562e-17	-3.04144e-16
-26.3545	1.10248e-115	-3.20605e-58	-8.63722e-59	7.02665e-31	4.19913e-16	-7.25492e-16
-26.087	4.664e-114	1.77838e-57	1.2253e-57	4.98781e-30	1.68111e-15	-1.47027e-15
-25.8194	1.91447e-112	-4.84425e-57	-1.29607e-56	3.4406e-29	5.4228e-15	-2.23589e-15
-25.5518	7.70437e-111	-4.14236e-56	7.73851e-56	2.30634e-28	1.5156e-14	-9.6458e-16
-25.2843	3.05501e-109	5.52646e-55	-9.12771e-57	1.50237e-27	3.74179e-14	1.01128e-14
-25.0167	1.19567e-107	-1.131e-54	-3.26765e-54	9.51028e-27	8.09536e-14	5.43764e-14
-24.7492	4.61756e-106	-1.90771e-53	9.89046e-54	5.85024e-26	1.46724e-13	1.92287e-13
-24.4816	1.7573e-104	5.99474e-53	1.18234e-52	3.49719e-25	1.88427e-13	5.60548e-13
-24.214	6.57863e-103	7.69481e-52	-2.56439e-52	2.03155e-24	-4.61273e-15	1.42532e-12
-23.9465	2.41807e-101	-2.43645e-52	-4.91134e-51	1.14683e-23	-1.09979e-12	3.20294e-12
-23.6789	8.71109e-100	-2.78775e-50	-9.69289e-51	6.29125e-23	-4.85225e-12	6.2744e-12
-23.4114	3.07088e-98	-1.28092e-49	1.19588e-49	3.3538e-22	-1.5268e-11	1.01127e-11
-23.1438	1.05792e-96	1.79128e-49	1.01284e-48	1.73741e-21	-4.03081e-11	1.06145e-11
-22.8763	3.55763e-95	5.28222e-48	2.77029e-48	8.74643e-21	-9.32931e-11	-6.54405e-12
-22.6087	1.16677e-93	3.20208e-47	-1.18928e-47	4.27881e-20	-1.90721e-10	-8.0085e-11
-22.3411	3.72912e-92	8.28709e-47	-1.74424e-46	2.03413e-19	-3.37564e-10	-2.99106e-10
-22.0736	1.16083e-90	-2.84709e-46	-1.03912e-45	9.39723e-19	-4.80167e-10	-8.42118e-10
-21.806	3.51778e-89	-4.73091e-45	-3.57719e-45	4.21876e-18	-3.89308e-10	-2.01673e-09
-21.5385	1.0374e-87	-3.21811e-44	-1.33356e-45	1.84049e-17	5.85159e-10	-4.25e-09
-21.2709	2.97627e-86	-1.49788e-43	8.55946e-44	7.80271e-17	3.95586e-09	-7.89799e-09
-21.0033	8.30519e-85	-4.62625e-43	7.85173e-43	3.21456e-16	1.27595e-08	-1.25957e-08
-20.7358	2.2537e-83	-2.41871e-43	4.74115e-42	1.28695e-15	3.22806e-08	-1.56498e-08
-20.4682	5.94637e-82	9.40709e-42	2.24976e-41	5.00687e-15	7.02168e-08	-8.74462e-09
-20.2007	1.52534e-80	8.95843e-41	8.50179e-41	1.89293e-14	1.34741e-07	2.78214e-08
-19.9331	3.80364e-79	5.74417e-40	2.2452e-40	6.95451e-14	2.27383e-07	1.33575e-07
-19.6656	9.21983e-78	3.03618e-39	3.77243e-41	2.48292e-13	3.2561e-07	3.77187e-07
-19.398	2.17225e-76	1.39742e-38	-4.68465e-39	8.61436e-13	3.48246e-07	8.60326e-07
-19.1304	4.97442e-75	5.66972e-38	-4.19505e-38	2.90434e-12	9.72669e-08	1.70143e-06
-18.8629	1.10714e-73	1.98923e-37	-2.66728e-37	9.51557e-12	-8.24022e-07	2.97264e-06
-18.5953	2.39487e-72	5.54942e-37	-1.44461e-36	3.02961e-11	-3.09849e-06	4.54923e-06
-18.3278	5.03462e-71	7.80412e-37	-7.05246e-36	9.37353e-11	-7.73462e-06	5.82331e-06
-18.0602	1.02861e-69	-4.16384e-36	-3.18005e-35	2.81827e-10	-1.59469e-05	5.24625e-06
-17.7926	2.04233e-68	-4.97637e-35	-1.33966e-34	8.2343e-10	-2.86941e-05	-2.78015e-07
-17.5251	3.94086e-67	-3.37341e-34	-5.29421e-34	2.33795e-09	-4.56292e-05	-1.59975e-05
-17.2575	7.38987e-66	-1.88488e-33	-1.95886e-33	6.4507e-09	-6.32158e-05	-4.95425e-05
-16.99	1.34668e-64	-9.46033e-33	-6.72085e-33	1.72959e-08	-7.19135e-05	-0.00011011
-16.7224	2.38488e-63	-4.41469e-32	-2.08789e-32	4.50653e-08	-5.27333e-05	-0.000205632
-16.4548	4.10434e-62	-1.94919e-31	-5.52279e-32	1.14105e-07	2.58103e-05	-0.000336807
-16.1873	6.86426e-61	-8.22553e-31	-9.91625e-32	2.80759e-07	0.000208291	-0.00048721
-15.9197	1.11562e-59	-3.33884e-30	9.1062e-32	6.71313e-07	0.000547318	-0.000609718
-15.6522	1.762e-58	-1.30911e-29	2.1964e-30	1.55984e-06	0.00108893	-0.000611619
-15.3846	2.70438e-57	-4.97196e-29	1.52424e-29	3.52209e-06	0.00184496	-0.000343817
-15.1171	4.03362e-56	-1.8326e-28	8.21696e-29	7.7283e-06	0.0027515	0.000396946
-14.8495	5.84644e-55	-6.56293e-28	3.92331e-28	1.6479e-05	0.0036178	0.00184134
-14.5819	8.23482e-54	-2.28483e-27	1.7362e-27	3.41463e-05	0.00407826	0.00418498
-14.3144	1.12715e-52	-7.73261e-27	7.27476e-27	6.87573e-05	0.0035691	0.00748457
-14.0468	1.49927e-51	-2.54241e-26	2.92041e-26	0.000134542	0.00135917	0.0115193
-13.7793	1.93794e-50	-8.11014e-26	1.13146e-25	0.000255836	-0.0033354	0.0156432
-13.5117	2.43425e-49	-2.50419e-25	4.25106e-25	0.000472747	-0.0111337	0.0186758
-13.2441	2.97137e-48	-7.45654e-25	1.55415e-24	0.000848907	-0.0221773	0.0188964
-12.9766	3.52463e-47	-2.12813e-24	5.54233e-24	0.00148134	-0.0357687	0.0142107
-12.709	4.06289e-46	-5.76213e-24	1.93155e-23	0.00251197	-0.0500553	0.00253763
-12.4415	4.55115e-45	-1.45238e-23	6.58802e-23	0.00413941	-0.061888	-0.0175863
-12.1739	4.95418e-44	-3.27381e-23	2.20159e-22	0.00662865	-0.0669938	-0.0462653
-11.9064	5.24067e-43	-5.90096e-23	7.21516e-22	0.0103152	-0.0605633	-0.0815307
-11.6388	5.38724e-42	-4.3505e-23	2.32063e-21	0.0155988	-0.0382641	-0.118889
-11.3712	5.38158e-41	3.01697e-22	7.32972e-21	0.022923	0.00244369	-0.151384
-11.1037	5.22418e-40	2.24117e-21	2.27463e-20	0.0327351	0.060961	-0.170349
-10.8361	4.92823e-39	1.06736e-20	6.93852e-20	0.0454277	0.132552	-0.166906
-10.5686	4.5178e-38	4.31757e-20	2.0812e-19	0.0612621	0.208099	-0.134003
-10.301	4.02465e-37	1.59477e-19	6.14029e-19	0.0802836	0.274911	-0.0686122
-10.0334	3.48412e-36	5.54151e-19	1.78242e-18	0.102241	0.318653	0.0264882
-9.76589	2.93104e-35	1.83924e-18	5.09192e-18	0.126529	0.326163	0.141937
-9.49833	2.39616e-34	5.88256e-18	1.43182e-17	0.152165	0.288598	0.262444
-9.23077	1.90359e-33	1.82325e-17	3.96379e-17	0.177831	0.204135	0.368998
-8.96321	1.46958e-32	5.49688e-17	1.08047e-16	0.201958	0.0794776	0.442314
-8.69565	1.1025e-31	1.61635e-16	2.90042e-16	0.222884	-0.0704243	0.466824
-8.42809	8.03763e-31	4.64469e-16	7.66833e-16	0.239036	-0.224575	0.434283
-8.16054	5.69432e-30	1.30623e-15	1.99702e-15	0.24912	-0.3597	0.34603
-7.89298	3.9203e-29	3.59935e-15	5.12325e-15	0.252302	-0.454771	0.213272
-7.62542	2.62277e-28	9.72661e-15	1.29488e-14	0.24831	-0.495241	0.0551961
-7.35786	1.70516e-27	2.57958e-14	3.2245e-14	0.237483	-0.475944	-0.104694
-7.0903	1.0773e-26	6.71809e-14	7.91182e-14	0.220717	-0.401977	-0.24317
-6.82274	6.61407e-26	1.71895e-13	1.91292e-13	0.199344	-0.287369	-0.341705
-6.55518	3.94608e-25	4.32295e-13	4.55774e-13	0.174958	-0.151926	-0.389713
-6.28763	2.28785e-24	1.06892e-12	1.07017e-12	0.14922	-0.0170688	-0.385913
-6.02007	1.289e-23	2.5995e-12	2.47641e-12	0.123676	0.0983083	-0.337656
-5.75251	7.05736e-23	6.21899e-12	5.64782e-12	0.0996112	0.18102	-0.25854
-5.48495	3.75488e-22	1.46396e-11	1.26952e-11	0.077964	0.225215	-0.165052
-5.21739	1.94139e-21	3.3916e-11	2.81264e-11	0.0592986	0.23228	-0.0731079
-4.94983	9.75426e-21	7.73416e-11	6.1421e-11	0.0438287	0.2093	0.00472958
-4.68227	4.76255e-20	1.73628e-10	1.32208e-10	0.0314802	0.166663	0.0608577
-4.41472	2.25969e-19	3.83776e-10	2.80508e-10	0.0219725	0.115481	0.0929333
-4.14716	1.04189e-18	8.35292e-10	5.86667e-10	0.0149034	0.0654302	0.103065
-3.8796	4.66831e-18	1.79037e-09	1.20949e-09	0.00982326	0.0233793	0.0963155
-3.61204	2.03264e-17	3.77948e-09	2.45803e-09	0.00629202	-0.00708097	0.0790056
-3.34448	8.60054e-17	7.8585e-09	4.92437e-09	0.00391641	-0.0253412	0.0572209
-3.07692	3.53635e-16	1.60952e-08	9.72523e-09	0.00236892	-0.0329773	0.0357969
-2.80936	1.41302e-15	3.24735e-08	1.89339e-08	0.00139244	-0.0327678	0.0178524
-2.54181	5.48663e-15	6.45453e-08	3.63391e-08	0.000795364	-0.0277893	0.00480846
-2.27425	2.07027e-14	1.26393e-07	6.87559e-08	0.000441489	-0.0207559	-0.0032683
-2.00669	7.59122e-14	2.43854e-07	1.28247e-07	0.000238143	-0.0136615	-0.00717671
-1.73913	2.70496e-13	4.63552e-07	2.35828e-07	0.00012483	-0.00769373	-0.00810165
-1.47157	9.36641e-13	8.68258e-07	4.27516e-07	6.35866e-05	-0.00333911	-0.00724134
-1.20401	3.15174e-12	1.60249e-06	7.64052e-07	3.14757e-05	-0.000585449	-0.00557969
-0.936455	1.0306e-11	2.91441e-06	1.3462e-06	1.51408e-05	0.000860453	-0.00379479
-0.668896	3.27488e-11	5.22311e-06	2.33838e-06	7.07762e-06	0.00139167	-0.00226735
-0.401338	1.01126e-10	9.22448e-06	4.00443e-06	3.21506e-06	0.00137971	-0.00114519
-0.133779	3.03457e-10	1.60546e-05	6.76065e-06	1.41924e-06	0.00111272	-0.000425536
0.133779	8.849e-10	2.75368e-05	1.12528e-05	6.08813e-07	0.000779709	-2.94468e-05
0.401338	2.50758e-09	4.65469e-05	1.84654e-05	2.53792e-07	0.000482775	0.000143945
0.668896	6.90526e-09	7.75425e-05	2.98732e-05	1.0281e-07	0.000261466	0.000185595
0.936455	1.84786e-08	0.000127312	4.76469e-05	4.04722e-08	0.00011787	0.00016303
1.20401	4.80531e-08	0.000206009	7.49231e-05	1.54825e-08	3.65896e-05	0.000118927
1.47157	1.21433e-07	0.000328545	0.000116152	5.75561e-09	-2.20326e-06	7.58338e-05
1.73913	2.98207e-07	0.000516421	0.000177529	2.07924e-09	-1.59165e-05	4.27306e-05
2.00669	7.11644e-07	0.000800051	0.000267511	7.29932e-10	-1.70739e-05	2.09384e-05
2.27425	1.65033e-06	0.00122163	0.000397417	2.49014e-10	-1.33766e-05	8.37147e-06
2.54181	3.71915e-06	0.00183857	0.000582082	8.25523e-11	-8.84308e-06	2.08621e-06
2.80936	8.14479e-06	0.00272733	0.000840531	2.65949e-11	-5.13336e-06	-4.93492e-07
3.07692	1.73333e-05	0.00398765	0.00119662	8.32591e-12	-2.63072e-06	-1.18542e-06
3.34448	3.58463e-05	0.00574678	0.00167955	2.53296e-12	-1.16355e-06	-1.08587e-06
3.61204	7.20399e-05	0.00816323	0.00232415	7.48842e-13	-4.09092e-07	-7.62552e-07
3.8796	0.000140691	0.0114296	0.00317079	2.15137e-13	-7.6132e-08	-4.57538e-07
4.14716	0.000267006	0.0157739	0.00426486	6.00627e-14	3.96823e-08	-2.41843e-07
4.41472	0.000492427	0.0214579	0.00565556	1.62951e-14	6.00936e-08	-1.12623e-07
4.68227	0.000882523	0.0287724	0.00739402	4.2961e-15	4.78184e-08	-4.48275e-08
4.94983	0.001537	0.0380285	0.00953059	1.10067e-15	3.02166e-08	-1.36977e-08
5.21739	0.00260128	0.0495438	0.0121113	2.74032e-16	1.64743e-08	-1.62117e-09
5.48495	0.00427821	0.0636236	0.0151739	6.62994e-17	7.92909e-09	1.85176e-09
5.75251	0.00683758	0.0805375	0.018743	1.55877e-17	3.35146e-09	2.08697e-09
6.02007	0.0106196	0.100492	0.022825	3.56139e-18	1.1959e-09	1.45986e-09
6.28763	0.0160278	0.123599	0.0274042	7.90716e-19	3.12263e-10	8.32591e-10
6.55518	0.0235075	0.149851	0.0324382	1.70602e-19	1.29244e-11	4.12838e-10
6.82274	0.0335045	0.179085	0.0378555	3.57696e-20	-5.52083e-11	1.80891e-10
7.0903	0.0464047	0.210969	0.0435546	7.28797e-21	-4.98623e-11	6.92945e-11
7.35786	0.0624577	0.244983	0.049405	1.44299e-21	-3.09268e-11	2.20573e-11
7.62542	0.081691	0.280425	0.0552509	2.77641e-22	-1.59572e-11	4.79694e-12
7.89298	0.103831	0.316417	0.0609172	5.19121e-23	-7.20047e-12	-2.5571e-13
8.16054	0.128245	0.351938	0.0662174	9.4323e-24	-2.87105e-12	-1.09057e-12
8.42809	0.153929	0.385867	0.0709635	1.66544e-24	-9.9487e-13	-8.21996e-13
8.69565	0.179542	0.417037	0.0749772	2.85763e-25	-2.80662e-13	-4.54964e-13
8.96321	0.203504	0.444302	0.0781004	4.76483e-26	-4.87488e-14	-2.12772e-13
9.23077	0.224153	0.466605	0.0802062	7.72061e-27	8.97243e-15	-8.74077e-14
9.49833	0.239927	0.483045	0.0812068	1.21568e-27	1.45289e-14	-3.16953e-14
9.76589	0.249563	0.492942	0.08106	1.86017e-28	9.36962e-15	-9.91096e-15
10.0334	0.252257	0.495876	0.0797719	2.76598e-29	4.6504e-15	-2.45633e-15
10.301	0.247782	0.491724	0.0773966	3.99677e-30	1.97415e-15	-3.15413e-16
10.5686	0.236517	0.480662	0.0740325	5.6122e-31	7.38463e-16	1.26068e-16
10.8361	0.21939	0.463159	0.0698153	7.65811e-32	2.43305e-16	1.31847e-16
11.1037	0.197759	0.439939	0.0649094	1.01549e-32	6.8444e-17	7.39613e-17
11.3712	0.173229	0.411933	0.0594965	1.30855e-33	1.47224e-17	3.30424e-17
11.6388	0.147458	0.38022	0.0537653	1.63859e-34	1.17139e-18	1.2747e-17
11.9064	0.121977	0.345952	0.0479004	1.99395e-35	-1.04355e-18	4.34172e-18
12.1739	0.0980514	0.310292	0.042073	2.35789e-36	-8.20075e-19	1.29822e-18
12.4415	0.0765937	0.274347	0.0364329	2.70954e-37	-4.04791e-19	3.27258e-19
12.709	0.0581428	0.239114	0.0311035	3.02573e-38	-1.63259e-19	6.00316e-20
12.9766	0.0428907	0.205439	0.0261788	3.28345e-39	-5.72837e-20	1.42344e-21
13.2441	0.0307464	0.173996	0.0217228	3.46254e-40	-1.7762e-20	-5.54653e-21
13.5117	0.0214185	0.145268	0.0177708	3.54832e-41	-4.81256e-21	-3.51033e-21
13.7793	0.0144993	0.119557	0.0143324	3.53358e-42	-1.08161e-21	-1.53743e-21
14.0468	0.00953831	0.0969971	0.0113962	3.41956e-43	-1.64731e-22	-5.61088e-22
14.3144	0.00609759	0.0775744	0.00893348	3.21581e-44	7.52061e-24	-1.79169e-22
14.5819	0.003788	0.0611582	0.00690408	2.93883e-45	1.95766e-23	-5.05528e-23
14.8495	0.00228678	0.0475301	0.00526034	2.60989e-46	1.03702e-23	-1.23874e-23
15.1171	0.00134154	0.0364133	0.00395134	2.25234e-47	4.05515e-24	-2.46559e-24
15.3846	0.000764797	0.0274997	0.00292615	1.8889e-48	1.34161e-24	-2.98284e-25
15.6522	0.000423694	0.0204727	0.00213634	1.53939e-49	3.90033e-25	4.25819e-26
15.9197	0.000228099	0.0150245	0.00153768	1.21914e-50	1.00073e-25	4.66562e-26
16.1873	0.000119332	0.0108693	0.00109115	9.38254e-52	2.21225e-26	2.11861e-26
16.4548	6.06676e-05	0.00775145	0.000763346	7.01701e-53	3.86448e-27	7.43208e-27
16.7224	2.99723e-05	0.00544932	0.000526478	5.09973e-54	3.4189e-28	2.23223e-27
16.99	1.43895e-05	0.00377642	0.00035798	3.60169e-55	-1.04808e-28	5.90919e-28
17.2575	6.71331e-06	0.00257987	0.00023997	2.4719e-56	-7.57979e-29	1.37745e-28
17.5251	3.04363e-06	0.00173738	0.000158589	1.64861e-57	-2.9978e-29	2.73848e-29
17.7926	1.34094e-06	0.00115337	0.000103326	1.06849e-58	-9.46889e-30	4.14595e-30
18.0602	5.74107e-07	0.000754786	6.63692e-05	6.72953e-60	-2.58473e-30	2.20715e-31
18.3278	2.38858e-07	0.00048692	4.20282e-05	4.11874e-61	-6.23022e-31	-1.54005e-31
18.5953	9.65716e-08	0.00030965	2.62382e-05	2.44967e-62	-1.31782e-31	-8.44404e-32
18.8629	3.79423e-08	0.000194117	1.61489e-05	1.41584e-63	-2.34672e-32	-2.94131e-32
19.1304	1.44865e-08	0.00011996	9.79877e-06	7.95217e-65	-3.0235e-33	-8.38929e-33
19.398	5.37483e-09	7.30785e-05	5.86161e-06	4.34031e-66	-3.83134e-35	-2.08299e-33
19.6656	1.9379e-09	4.38856e-05	3.45684e-06	2.30208e-67	1.45968e-34	-4.57057e-34
19.9331	6.78986e-10	2.59797e-05	2.00983e-06	1.18654e-68	6.47581e-35	-8.75889e-35
20.2007	2.31183e-10	1.5161e-05	1.152e-06	5.94306e-70	2.00286e-35	-1.38982e-35
20.4682	7.64915e-11	8.72168e-06	6.50978e-07	2.89269e-71	5.17022e-36	-1.48177e-36
20.7358	2.45944e-11	4.94599e-06	3.62655e-07	1.36822e-72	1.16834e-36	5.6595e-38
21.0033	7.68461e-12	2.76495e-06	1.99176e-07	6.28891e-74	2.33265e-37	9.20675e-38
21.2709	2.33331e-12	1.5237e-06	1.07844e-07	2.80904e-75	4.04193e-38	3.4283e-38
21.5385	6.88471e-13	8.27742e-07	5.75664e-08	1.21929e-76	5.67563e-39	9.47184e-39
21.806	1.97408e-13	4.43272e-07	3.0294e-08	5.143e-78	4.77896e-40	2.21689e-39
22.0736	5.50055e-14	2.34005e-07	1.57167e-08	2.1081e-79	-5.27746e-41	4.56097e-40
22.3411	1.4894e-14	1.21776e-07	8.03854e-09	8.39711e-81	-3.92562e-41	8.28013e-41
22.6087	3.91906e-15	6.2471e-08	4.05329e-09	3.25037e-82	-1.25535e-41	1.29401e-41
22.8763	1.00211e-15	3.15919e-08	2.0149e-09	1.22264e-83	-3.11265e-42	1.59306e-42
23.1438	2.49008e-16	1.57491e-08	9.8744e-10	4.4692e-85	-6.61454e-43	9.6945e-44
23.4114	6.01278e-17	7.73952e-09	4.7707e-10	1.58754e-86	-1.23917e-43	-2.2804e-44
23.6789	1.41092e-17	3.74934e-09	2.2723e-10	5.48004e-88	-2.04361e-44	-1.14179e-44
23.9465	3.21729e-18	1.79051e-09	1.067e-10	1.83826e-89	-2.87122e-45	-3.18413e-45
24.214	7.12926e-19	8.42903e-10	4.93938e-11	5.99229e-91	-3.05899e-46	-7.11094e-46
24.4816	1.53519e-19	3.91166e-10	2.25421e-11	1.89821e-92	-1.08363e-47	-1.37349e-46
24.7492	3.2125e-20	1.78947e-10	1.01421e-11	5.84329e-94	5.95201e-48	-2.34287e-47
25.0167	6.53265e-21	8.06995e-11	4.49855e-12	1.74798e-95	2.27828e-48	-3.5056e-48
25.2843	1.29092e-21	3.58755e-11	1.96711e-12	5.08134e-97	5.60072e-49	-4.40969e-49
25.5518	2.47898e-22	1.57219e-11	8.48002e-13	1.43544e-98	1.12973e-49	-3.98937e-50
25.8194	4.62605e-23	6.79195e-12	3.60392e-13	3.94054e-100	1.98494e-50	-2.36994e-52
26.087	8.38903e-24	2.89244e-12	1.50996e-13	1.05121e-101	3.08213e-51	1.00628e-51
26.3545	1.47835e-24	1.21427e-12	6.23685e-14	2.72514e-103	4.17749e-52	3.13048e-52
26.6221	2.53167e-25	5.02515e-13	2.53966e-14	6.86515e-105	4.67965e-53	6.83757e-53
26.8896	4.21308e-26	2.05005e-13	1.01952e-14	1.68065e-106	3.49116e-54	1.24851e-53
27.1572	6.81329e-27	8.2444e-14	4.03484e-15	3.99822e-108	-1.09631e-55	1.99655e-54
27.4247	1.07073e-27	3.26841e-14	1.57422e-15	9.24317e-110	-1.13439e-55	2.8207e-55
27.6923	1.63517e-28	1.2773e-14	6.05502e-16	2.07653e-111	-2.96997e-56	3.4561e-56
27.9599	2.42668e-29	4.92078e-15	2.29601e-16	4.53337e-113	-5.79774e-57	3.42343e-57
28.2274	3.49966e-30	1.86877e-15	8.58305e-17	9.61761e-115	-9.59986e-58	2.00471e-58
28.495	4.9046e-31	6.99613e-16	3.16314e-17	1.98279e-116	-1.39771e-58	-1.70874e-59
28.7625	6.67951e-32	2.58192e-16	1.14922e-17	3.97239e-118	-1.79539e-59	-8.65428e-60
29.0301	8.83994e-33	9.39308e-17	4.1162e-18	7.73374e-120	-1.98349e-60	-1.94923e-60
29.2977	1.13689e-33	3.36865e-17	1.45344e-18	1.46316e-121	-1.72072e-61	-3.41624e-61
29.5652	1.42086e-34	1.19092e-17	5.05949e-19	2.69003e-123	-7.18996e-63	-5.13647e-62
29.8328	1.72563e-35	4.15044e-18	1.7363e-19	4.80604e-125	1.29868e-63	-6.80983e-63
30.1003	2.03662e-36	1.42589e-18	5.8742e-20	8.34413e-127	4.50676e-64	-7.94546e-64
30.3679	2.33579e-37	4.82903e-19	1.95921e-20	1.40779e-128	8.86272e-65	-7.88869e-65
30.6355	2.60329e-38	1.61219e-19	6.442e-21	2.30813e-130	1.39944e-65	-5.91344e-66
30.903	2.81953e-39	5.30581e-20	2.08818e-21	3.67744e-132	1.91266e-66	-1.3849e-67
31.1706	2.96752e-40	1.72135e-20	6.67299e-22	5.69372e-134	2.30885e-67	6.02443e-68
31.4381	3.03511e-41	5.50517e-21	2.10223e-22	8.56662e-136	2.4438e-68	1.61074e-68
31.7057	3.01661e-42	1.73561e-21	6.529e-23	1.25253e-137	2.17135e-69	2.79473e-69
31.9732	2.91358e-43	5.39406e-22	1.99903e-23	1.77963e-139	1.37898e-70	3.98681e-70
32.2408	2.73464e-44	1.65257e-22	6.0339e-24	2.45717e-141	2.71975e-73	4.95691e-71
32.5084	2.49423e-45	4.991e-23	1.79549e-24	3.29689e-143	-1.81726e-72	5.44669e-72
32.7759	2.21074e-46	1.48592e-23	5.26712e-25	4.2987e-145	-3.96552e-73	5.22127e-73
33.0435	1.90415e-47	4.361e-24	1.52324e-25	5.44672e-147	-6.11714e-74	4.12889e-74
33.311	1.59379e-48	1.26171e-24	4.34281e-26	6.7065e-149	-7.90085e-75	2.15443e-75
33.5786	1.29635e-49	3.59842e-25	1.22061e-26	8.02457e-151	-8.94117e-76	-5.48847e-77
33.8462	1.02466e-50	1.01169e-25	3.38212e-27	9.33063e-153	-8.93848e-77	-3.66194e-77
34.1137	7.87046e-52	2.80391e-26	9.23859e-28	1.0543e-154	-7.74418e-78	-6.74223e-78
34.3813	5.87468e-53	7.66061e-27	2.48787e-28	1.15766e-156	-5.41079e-79	-9.29997e-79
34.6488	4.26121e-54	2.06321e-27	6.6047e-29	1.23527e-158	-2.20171e-80	-1.0894e-79
34.9164	3.00362e-55	5.4778e-28	1.72856e-29	1.28088e-160	1.44584e-81	-1.12249e-80
35.1839	2.05741e-56	1.43367e-28	4.45983e-30	1.29068e-162	4.99896e-82	-1.02019e-81
35.4515	1.3695e-57	3.69894e-29	1.13437e-30	1.26384e-164	7.93133e-83	-7.96727e-83
35.7191	8.85862e-59	9.40772e-30	2.84446e-31	1.20262e-166	9.82578e-84	-4.86989e-84
35.9866	5.56845e-60	2.35871e-30	7.03146e-32	1.11206e-168	1.04528e-84	-1.39447e-85
36.2542	3.40147e-61	5.82969e-31	1.71355e-32	9.99295e-171	9.80722e-86	1.93596e-86
36.5217	2.01912e-62	1.42036e-31	4.1167e-33	8.72615e-173	8.09541e-87	4.6611e-87
36.7893	1.16472e-63	3.41141e-32	9.75003e-34	7.40484e-175	5.67969e-88	6.46448e-88
37.0569	6.529e-65	8.07702e-33	2.27649e-34	6.10622e-177	2.99505e-89	7.21747e-89
37.3244	3.5566e-66	1.88517e-33	5.23997e-35	4.89321e-179	4.60147e-91	6.98e-90
37.592	1.88272e-67	4.33741e-34	1.18904e-35	3.81047e-181	-1.59701e-91	5.96274e-91
37.8595	9.68507e-69	9.83768e-35	2.65989e-36	2.88355e-183	-2.98405e-92	4.46441e-92
38.1271	4.84153e-70	2.19957e-35	5.8659e-37	2.12051e-185	-3.65451e-93	2.80172e-93
38.3946	2.35194e-71	4.84801e-36	1.27529e-37	1.51536e-187	-3.68705e-94	1.24872e-94
38.6622	1.11028e-72	1.05335e-36	2.73328e-38	1.05234e-189	-3.24398e-95	-3.13243e-98
38.9298	5.09338e-74	2.25611e-37	5.77514e-39	7.1017e-192	-2.52242e-96	-8.59719e-97
39.1973	2.27061e-75	4.76357e-38	1.20294e-39	4.65727e-194	-1.71014e-97	-1.31632e-97
39.4649	9.83653e-77	9.91485e-39	2.47016e-40	2.968e-196	-9.5459e-99	-1.43414e-98
39.7324	4.141e-78	2.03433e-39	5.00045e-41	1.83806e-198	-3.48221e-100	-1.31027e-99
40	1.69408e-79	4.11471e-40	9.97916e-42	1.10617e-200	7.12114e-102	-1.04933e-100
