-40	1.44812e-167	-3.66323e-84	1.03051e-84	1.0399e-198	-8.12531e-100	6.16196e-100
-39.7324	6.40218e-167	-7.71134e-84	2.1347e-84	1.68456e-196	-7.09804e-99	1.08662e-98
-39.4649	1.59591e-166	-1.21895e-83	3.31768e-84	2.6518e-194	-3.7967e-98	1.58356e-97
-39.1973	2.78985e-166	-1.61214e-83	4.36859e-84	4.05659e-192	2.17115e-97	2.00236e-96
-38.9298	3.1376e-166	-1.70547e-83	4.78524e-84	6.03039e-190	1.07108e-95	2.20979e-95
-38.6622	1.69177e-166	-1.23457e-83	4.09394e-84	8.71152e-188	2.10627e-94	2.06764e-94
-38.3946	2.18304e-167	-3.73622e-84	2.80554e-84	1.22294e-185	3.17458e-93	1.46678e-93
-38.1271	8.96874e-168	-9.09992e-85	2.85318e-84	1.66833e-183	4.06817e-92	3.6506e-93
-37.8595	1.26688e-166	-1.02401e-83	4.6721e-84	2.21168e-181	4.55216e-91	-1.18093e-91
-37.592	1.67539e-166	-1.2518e-83	3.29221e-84	2.84922e-179	4.41405e-90	-3.00139e-90
-37.3244	1.43701e-166	1.15625e-83	-3.16394e-84	3.56692e-177	3.52015e-89	-4.82471e-89
-37.0569	2.20659e-166	1.47584e-83	-1.688e-84	4.33936e-175	1.86473e-88	-6.31794e-88
-36.7893	4.06462e-166	-1.97001e-83	4.28571e-84	5.13005e-173	-4.03204e-88	-7.15108e-87
-36.5217	7.89984e-167	6.02015e-84	-6.53882e-84	5.89361e-171	-2.98706e-86	-7.07202e-86
-36.2542	4.09294e-167	3.51165e-84	5.34769e-84	6.57968e-169	-5.48727e-85	-5.97383e-85
-35.9866	2.35957e-167	-4.06496e-84	2.65928e-84	7.13826e-167	-7.47642e-84	-3.93519e-84
-35.7191	1.71828e-166	3.40069e-84	-1.26595e-83	7.52566e-165	-8.58874e-83	-1.22067e-83
-35.4515	3.96866e-166	-7.02119e-84	1.86432e-83	7.7101e-163	-8.60193e-82	1.7629e-82
-35.1839	3.60672e-166	1.12747e-83	-1.52824e-83	7.67608e-161	-7.48993e-81	4.54553e-81
-34.9164	1.14972e-166	-8.45689e-84	-6.5919e-84	7.42648e-159	-5.43218e-80	6.69001e-80
-34.6488	5.15777e-165	-1.5168e-83	7.01976e-83	6.98218e-157	-2.77622e-79	7.88127e-79
-34.3813	6.46274e-164	8.969e-83	-2.37872e-82	6.37914e-155	3.70636e-80	7.98687e-78
-34.1137	3.79224e-163	-1.80618e-82	5.88728e-82	5.66367e-153	2.56616e-77	7.07471e-77
-33.8462	7.08509e-163	-1.17794e-83	-8.41647e-82	4.88649e-151	4.45655e-76	5.38554e-76
-33.5786	2.81543e-162	-1.58888e-81	-5.39352e-82	4.09695e-149	5.50248e-75	3.26989e-75
-33.311	9.36912e-160	3.03609e-80	3.88982e-81	3.33801e-147	5.67044e-74	1.10738e-74
-33.0435	2.93397e-158	-1.71265e-79	-2.85674e-81	2.64289e-145	5.08283e-73	-7.70588e-74
-32.7759	1.73105e-157	2.07127e-79	3.60837e-79	2.03346e-143	3.97072e-72	-2.13727e-72
-32.5084	3.01293e-155	3.07095e-78	-4.54956e-78	1.52039e-141	2.61097e-71	-2.89598e-71
-32.2408	4.11097e-154	-1.46841e-77	1.39812e-77	1.10468e-139	1.26475e-70	-3.07364e-70
-31.9732	1.14592e-152	-8.10556e-77	6.9923e-77	7.79982e-138	1.31334e-70	-2.78973e-69
-31.7057	9.37317e-151	8.67735e-76	-4.29364e-76	5.35175e-136	-6.75426e-69	-2.21259e-68
-31.4381	7.16789e-149	-5.35648e-75	-6.55645e-75	3.56838e-134	-1.12751e-67	-1.51562e-67
-31.1706	1.4198e-146	8.2256e-74	8.6209e-74	2.31212e-132	-1.2653e-66	-8.43289e-67
-30.903	2.54643e-145	-4.52224e-73	-2.23912e-73	1.45584e-130	-1.17068e-65	-2.92133e-66
-30.6355	3.62078e-144	-1.70145e-72	8.51959e-73	8.908e-129	-9.39221e-65	9.30763e-66
-30.3679	2.89298e-141	4.88546e-71	-2.24991e-71	5.29677e-127	-6.57816e-64	3.11376e-64
-30.1003	1.54424e-139	-2.90959e-70	2.64133e-70	3.0606e-125	-3.9118e-63	3.912e-63
-29.8328	6.22376e-138	1.64502e-69	-1.87554e-69	1.71856e-123	-1.77344e-62	3.74707e-62
-29.5652	1.83344e-136	-3.71365e-69	1.30213e-68	9.37752e-122	-3.01837e-62	3.04736e-61
-29.2977	2.57614e-135	3.07969e-69	-5.06621e-68	4.9725e-120	5.40007e-61	2.16354e-60
-29.0301	9.10327e-133	-9.53712e-67	-2.75587e-68	2.56228e-118	8.87805e-60	1.33195e-59
-28.7625	1.08025e-131	2.99988e-66	1.34284e-66	1.28304e-116	9.08847e-59	6.76046e-59
-28.495	2.55048e-129	2.01785e-65	-4.62958e-65	6.24338e-115	7.55734e-58	2.30658e-58
-28.2274	1.16572e-127	5.70655e-65	3.36624e-64	2.95231e-113	5.42749e-57	-2.55788e-58
-27.9599	2.17707e-126	1.05453e-63	-1.03201e-63	1.35665e-111	3.40611e-56	-1.40176e-56
-27.6923	1.52557e-124	-5.51571e-63	-1.10514e-62	6.05814e-110	1.82797e-55	-1.64823e-55
-27.4247	2.09956e-122	1.10649e-61	-9.35544e-62	2.6289e-108	7.68403e-55	-1.42775e-54
-27.1572	9.93044e-121	-4.35245e-61	8.96441e-61	1.10859e-106	1.5777e-54	-1.04101e-53
-26.8896	3.26779e-119	4.78268e-60	-3.13111e-60	4.54292e-105	-1.29221e-53	-6.61509e-53
-26.6221	1.05532e-117	-2.34975e-59	-2.24319e-59	1.8091e-103	-2.17305e-52	-3.65634e-52
-26.3545	4.04737e-116	-1.92037e-58	5.99624e-59	7.00088e-102	-2.03857e-51	-1.68675e-51
-26.087	2.00319e-114	-1.13992e-57	8.38918e-58	2.63273e-100	-1.52536e-50	-5.53194e-51
-25.8194	1.15272e-112	-1.04646e-56	2.40076e-57	9.62112e-99	-9.80862e-50	-4.50227e-52
-25.5518	6.49263e-111	-5.29486e-56	-6.07378e-56	3.41671e-97	-5.51311e-49	1.94234e-49
-25.2843	3.31033e-109	4.59184e-55	-3.46674e-55	1.17911e-95	-2.6656e-48	2.16465e-48
-25.0167	1.51984e-107	4.20622e-55	3.87575e-54	3.95425e-94	-1.0316e-47	1.70002e-47
-24.7492	6.39795e-106	-1.71022e-53	-1.86362e-53	1.28866e-92	-2.27856e-47	1.11209e-46
-24.4816	2.51961e-104	1.3627e-52	8.14037e-53	4.0811e-91	8.99229e-47	6.32474e-46
-24.214	9.43473e-103	-8.2726e-52	-5.09032e-52	1.25597e-89	1.65083e-45	3.136e-45
-23.9465	3.39854e-101	3.91748e-51	4.31726e-51	3.75617e-88	1.42739e-44	1.311e-44
-23.6789	1.18684e-99	-7.30361e-51	-3.36674e-50	1.09163e-86	9.62499e-44	4.06481e-44
-23.4114	4.0375e-98	-1.00969e-49	1.73724e-49	3.08297e-85	5.54366e-43	3.12292e-44
-23.1438	1.34159e-96	1.15148e-48	-1.25257e-49	8.46112e-84	2.78978e-42	-8.23551e-43
-22.8763	4.35976e-95	-3.53998e-48	-5.5737e-48	2.25658e-82	1.21348e-41	-8.8546e-42
-22.6087	1.38606e-93	-2.4221e-47	2.82737e-47	5.84839e-81	4.29977e-41	-6.32423e-41
-22.3411	4.30999e-92	1.76125e-46	1.09909e-46	1.47294e-79	9.63548e-41	-3.71497e-40
-22.0736	1.31014e-90	5.88893e-46	-9.81503e-46	3.60496e-78	-1.69792e-40	-1.89107e-39
-21.806	3.89061e-89	-4.98829e-45	-3.74474e-45	8.57389e-77	-3.88416e-39	-8.40549e-39
-21.5385	1.12789e-87	-2.54032e-44	2.19675e-44	1.98162e-75	-3.1186e-38	-3.17655e-38
-21.2709	3.18989e-86	6.93088e-44	1.64606e-43	4.45067e-74	-1.89846e-37	-9.20062e-38
-21.0033	8.79575e-85	9.37828e-43	7.33524e-45	9.71394e-73	-9.79856e-37	-1.06195e-37
-20.7358	2.36333e-83	2.32279e-42	-4.27059e-42	2.06029e-71	-4.4139e-36	1.0585e-36
-20.4682	6.18482e-82	-1.20422e-41	-2.17593e-41	4.24646e-70	-1.72517e-35	1.12705e-35
-20.2007	1.57582e-80	-1.24438e-40	-1.65323e-41	8.50529e-69	-5.57234e-35	7.34859e-35
-19.9331	3.9077e-79	-4.6305e-40	4.19945e-40	1.65544e-67	-1.22359e-34	3.88037e-34
-19.6656	9.4286e-78	-7.58942e-41	3.06967e-39	3.13115e-66	6.69824e-35	1.76824e-33
-19.398	2.21303e-76	9.92379e-39	1.10825e-38	5.75517e-65	2.82226e-33	7.04177e-33
-19.1304	5.05198e-75	7.0425e-38	9.60718e-39	1.02796e-63	2.12495e-32	2.40087e-32
-18.8629	1.1215e-73	2.90087e-37	-1.67331e-37	1.78426e-62	1.17034e-31	6.43869e-32
-18.5953	2.42076e-72	6.50487e-37	-1.41337e-36	3.00956e-61	5.41619e-31	8.72064e-32
-18.3278	5.08007e-71	-1.03449e-36	-7.05198e-36	4.93301e-60	2.18368e-30	-4.05676e-31
-18.0602	1.03638e-69	-2.04016e-35	-2.49028e-35	7.85752e-59	7.66153e-30	-4.45826e-30
-17.7926	2.05525e-68	-1.3328e-34	-5.2812e-35	1.21625e-57	2.24794e-29	-2.66632e-29
-17.5251	3.96178e-67	-6.26356e-34	6.20977e-35	1.82947e-56	4.72861e-29	-1.26723e-28
-17.2575	7.42286e-66	-2.32822e-33	1.41501e-33	2.67417e-55	7.14679e-30	-5.17075e-28
-16.99	1.35174e-64	-6.60419e-33	9.56862e-33	3.79856e-54	-6.30639e-28	-1.84414e-27
-16.7224	2.39244e-63	-1.01173e-32	4.78548e-32	5.24339e-53	-4.51266e-27	-5.66302e-27
-16.4548	4.11534e-62	3.31912e-32	2.00129e-31	7.03347e-52	-2.25449e-26	-1.39669e-26
-16.1873	6.87984e-61	4.08964e-31	7.21618e-31	9.16834e-51	-9.36214e-26	-2.00843e-26
-15.9197	1.11776e-59	2.50483e-30	2.21438e-30	1.16138e-49	-3.37826e-25	4.48536e-26
-15.6522	1.76488e-58	1.2177e-29	5.31114e-30	1.42963e-48	-1.06313e-24	5.4717e-25
-15.3846	2.70813e-57	5.16899e-29	6.0237e-30	1.71017e-47	-2.82536e-24	3.01977e-24
-15.1171	4.0384e-56	1.98293e-28	-3.26201e-29	1.988e-46	-5.60508e-24	1.29376e-23
-14.8495	5.85234e-55	6.96334e-28	-3.16786e-28	2.24572e-45	-3.10196e-24	4.72874e-23
-14.5819	8.24193e-54	2.23829e-27	-1.79777e-27	2.46525e-44	4.30617e-23	1.50991e-22
-14.3144	1.12799e-52	6.49188e-27	-8.4056e-27	2.62985e-43	2.98443e-22	4.17033e-22
-14.0468	1.50021e-51	1.62725e-26	-3.51485e-26	2.72624e-42	1.35681e-21	9.40907e-22
-13.7793	1.93899e-50	3.05463e-26	-1.35856e-25	2.74638e-41	5.06038e-21	1.36248e-21
-13.5117	2.43539e-49	9.70437e-27	-4.93401e-25	2.68857e-40	1.6344e-20	-1.31551e-21
-13.2441	2.97257e-48	-2.94388e-25	-1.69879e-24	2.55768e-39	4.61028e-20	-2.07898e-20
-12.9766	3.52585e-47	-2.05403e-24	-5.57131e-24	2.36448e-38	1.10717e-19	-1.06708e-19
-12.709	4.0641e-46	-1.01183e-23	-1.74365e-23	2.12416e-37	2.04821e-19	-4.12874e-19
-12.4415	4.55232e-45	-4.29417e-23	-5.20416e-23	1.8544e-36	1.59217e-19	-1.35243e-18
-12.1739	4.95528e-44	-1.66643e-22	-1.4759e-22	1.5732e-35	-8.89311e-19	-3.86538e-18
-11.9064	5.24168e-43	-6.07057e-22	-3.94524e-22	1.29697e-34	-6.14039e-18	-9.59128e-18
-11.6388	5.38814e-42	-2.10519e-21	-9.7792e-22	1.03905e-33	-2.55041e-17	-1.97128e-17
-11.3712	5.38236e-41	-7.00849e-21	-2.16902e-21	8.0893e-33	-8.55237e-17	-2.78386e-17
-11.1037	5.22484e-40	-2.25217e-20	-3.90588e-21	6.11995e-32	-2.47284e-16	7.08221e-18
-10.8361	4.92876e-39	-7.012e-20	-3.45744e-21	4.49933e-31	-6.24902e-16	2.43783e-16
-10.5686	4.51823e-38	-2.12077e-19	1.43478e-20	3.21449e-30	-1.35348e-15	1.17583e-15
-10.301	4.02498e-37	-6.24286e-19	1.12986e-19	2.23173e-29	-2.31525e-15	4.11788e-15
-10.0334	3.48437e-36	-1.79108e-18	5.2573e-19	1.50568e-28	-2.06232e-15	1.20961e-14
-9.76589	2.93123e-35	-5.01326e-18	2.04437e-18	9.87165e-28	5.45338e-15	3.09423e-14
-9.49833	2.39629e-34	-1.36991e-17	7.20863e-18	6.28942e-27	3.92523e-14	6.89106e-14
-9.23077	1.90368e-33	-3.65598e-17	2.3813e-17	3.89399e-26	1.49688e-13	1.28582e-13
-8.96321	1.46964e-32	-9.53073e-17	7.49196e-17	2.34284e-25	4.51905e-13	1.73395e-13
-8.69565	1.10254e-31	-2.42673e-16	2.26636e-16	1.36979e-24	1.17007e-12	2.69765e-14
-8.42809	8.0379e-31	-6.03301e-16	6.63187e-16	7.78272e-24	2.64789e-12	-8.78283e-13
-8.16054	5.69448e-30	-1.46345e-15	1.88489e-15	4.29706e-23	5.16407e-12	-4.03769e-12
-7.89298	3.9204e-29	-3.46017e-15	5.21835e-15	2.30556e-22	8.11539e-12	-1.28334e-11
-7.62542	2.62283e-28	-7.9618e-15	1.41029e-14	1.20211e-21	7.5851e-12	-3.38316e-11
-7.35786	1.7052e-27	-1.77878e-14	3.72665e-14	6.09082e-21	-9.55726e-12	-7.74563e-11
-7.0903	1.07732e-26	-3.84542e-14	9.64076e-14	2.99897e-20	-7.78247e-11	-1.54703e-10
-6.82274	6.61417e-26	-8.00222e-14	2.44414e-13	1.43493e-19	-2.74211e-10	-2.61346e-10
-6.55518	3.94614e-25	-1.58955e-13	6.07739e-13	6.672e-19	-7.46478e-10	-3.31619e-10
-6.28763	2.28788e-24	-2.97028e-13	1.48312e-12	3.0147e-18	-1.73144e-09	-1.29641e-10
-6.02007	1.28901e-23	-5.07395e-13	3.55425e-12	1.32372e-17	-3.50785e-09	9.65497e-10
-5.75251	7.05743e-23	-7.39469e-13	8.36824e-12	5.64822e-17	-6.1518e-09	4.31713e-09
-5.48495	3.75491e-22	-7.08445e-13	1.93646e-11	2.34203e-16	-8.83661e-09	1.24947e-08
-5.21739	1.94141e-21	5.73022e-13	4.40577e-11	9.43704e-16	-8.26017e-09	2.95884e-08
-4.94983	9.75433e-21	5.98892e-12	9.85822e-11	3.69525e-15	4.31752e-09	6.0635e-08
-4.68227	4.76258e-20	2.32046e-11	2.16996e-10	1.4061e-14	4.77456e-08	1.08542e-07
-4.41472	2.2597e-19	7.13439e-11	4.69979e-10	5.19937e-14	1.56713e-07	1.65634e-07
-4.14716	1.0419e-18	1.959e-10	1.00176e-09	1.86832e-13	3.85422e-07	1.95656e-07
-3.8796	4.66833e-18	5.00996e-10	2.10174e-09	6.524e-13	8.01267e-07	1.01838e-07
-3.61204	2.03265e-17	1.21724e-09	4.34106e-09	2.21382e-12	1.45303e-06	-3.20206e-07
-3.34448	8.60057e-17	2.84068e-09	8.82815e-09	7.30018e-12	2.28886e-06	-1.43573e-06
-3.07692	3.53636e-16	6.4105e-09	1.76788e-08	2.33932e-11	2.99303e-06	-3.79933e-06
-2.80936	1.41302e-15	1.40509e-08	3.48654e-08	7.28465e-11	2.71658e-06	-8.09115e-06
-2.54181	5.48664e-15	3.00047e-08	6.77226e-08	2.20441e-10	-2.88042e-07	-1.48445e-05
-2.27425	2.07027e-14	6.25614e-08	1.29572e-07	6.48245e-10	-9.03403e-06	-2.3804e-05
-2.00669	7.59123e-14	1.27577e-07	2.44206e-07	1.85247e-09	-2.79259e-05	-3.27508e-05
-1.73913	2.70496e-13	2.54764e-07	4.53422e-07	5.1443e-09	-6.21924e-05	-3.57268e-05
-1.47157	9.36643e-13	4.98694e-07	8.29425e-07	1.38824e-08	-0.00011596	-2.08739e-05
-1.20401	3.15174e-12	9.57645e-07	1.49488e-06	3.64057e-08	-0.000188204	3.13815e-05
-0.936455	1.0306e-11	1.80521e-06	2.65467e-06	9.27761e-08	-0.000266047	0.000148308
-0.668896	3.27489e-11	3.34221e-06	4.64527e-06	2.29756e-07	-0.000315676	0.000360701
-0.401338	1.01127e-10	6.08013e-06	8.0099e-06	5.52921e-07	-0.000272774	0.000691748
-0.133779	3.03458e-10	1.08725e-05	1.36106e-05	1.29307e-06	-3.67025e-05	0.00113654
0.133779	8.84901e-10	1.91168e-05	2.27915e-05	2.93863e-06	0.000524644	0.00163199
0.401338	2.50758e-09	3.30589e-05	3.76124e-05	6.48981e-06	0.00155056	0.00202128
0.668896	6.90526e-09	5.6241e-05	6.11736e-05	1.39278e-05	0.0031357	0.00202366
0.936455	1.84786e-08	9.41442e-05	9.80584e-05	2.90468e-05	0.00524785	0.00122756
1.20401	4.80531e-08	0.000155092	0.000154918	5.88677e-05	0.00762313	-0.000869253
1.47157	1.21433e-07	0.00025148	0.000241229	0.000115937	0.0096631	-0.00474985
1.73913	2.98207e-07	0.000401419	0.00037023	0.000221885	0.010376	-0.0106875
2.00669	7.11644e-07	0.000630849	0.000560066	0.000412665	0.00841829	-0.0184878
2.27425	1.65033e-06	0.000976185	0.000835102	0.000745818	0.00229038	-0.0272135
2.54181	3.71915e-06	0.00148751	0.00122738	0.00130988	-0.00928187	-0.0349818
2.80936	8.1448e-06	0.00223226	0.00177814	0.0022356	-0.026802	-0.0389519
3.07692	1.73333e-05	0.00329931	0.00253925	0.00370784	-0.0493886	-0.0356175
3.34448	3.58464e-05	0.00480313	0.0035744	0.00597602	-0.0742627	-0.0214727
3.61204	7.20399e-05	0.00688771	0.00495978	0.00935981	-0.0965611	0.00598036
3.8796	0.000140691	0.00972972	0.00678405	0.0142458	-0.109692	0.0470478
4.14716	0.000267006	0.0135401	0.00914718	0.0210702	-0.106357	0.0987844
4.41472	0.000492427	0.0185637	0.012158	0.0302841	-0.0802016	0.15444
4.68227	0.000882523	0.0250751	0.01593	0.0422985	-0.0278129	0.203777
4.94983	0.001537	0.0333714	0.0205755	0.0574116	0.0494034	0.234459
5.21739	0.00260128	0.0437599	0.0261982	0.0757248	0.144068	0.234455
5.48495	0.00427821	0.0565409	0.0328837	0.0970601	0.242938	0.195042
5.75251	0.00683758	0.0719858	0.0406894	0.120895	0.328581	0.113706
6.02007	0.0106196	0.090311	0.0496336	0.146331	0.382513	-0.00389065
6.28763	0.0160278	0.111649	0.0596849	0.17212	0.389222	-0.14362
6.55518	0.0235075	0.13602	0.0707541	0.196739	0.340155	-0.284663
6.82274	0.0335045	0.163301	0.082687	0.218531	0.236588	-0.403184
7.0903	0.0464047	0.193209	0.095263	0.235884	0.0904522	-0.477182
7.35786	0.0624577	0.22528	0.108197	0.247428	-0.0772789	-0.491382
7.62542	0.081691	0.258872	0.121146	0.252211	-0.240468	-0.440892
7.89298	0.103831	0.29317	0.133723	0.249828	-0.373072	-0.332634
8.16054	0.128245	0.327216	0.145516	0.240483	-0.454523	-0.184096
8.42809	0.153929	0.359944	0.156108	0.224952	-0.473882	-0.0196834
8.69565	0.179542	0.390235	0.1651	0.204484	-0.43176	0.134416
8.96321	0.203504	0.41698	0.172138	0.180632	-0.339589	0.25556
9.23077	0.224153	0.439142	0.176937	0.155057	-0.216567	0.328871
9.49833	0.239927	0.455829	0.179296	0.129346	-0.0851453	0.349423
9.76589	0.249563	0.466347	0.179117	0.104853	0.0337145	0.32205
10.0334	0.252257	0.470253	0.176406	0.082598	0.124395	0.259083
10.301	0.247782	0.467382	0.171278	0.06323	0.178791	0.176816
10.5686	0.236517	0.457862	0.163947	0.0470372	0.196543	0.0916944
10.8361	0.21939	0.442103	0.154711	0.0340035	0.1836	0.0171605
11.1037	0.197759	0.420765	0.14393	0.0238874	0.149746	-0.0382567
11.3712	0.173229	0.394719	0.132007	0.0163072	0.105865	-0.0714127
11.6388	0.147458	0.364981	0.11936	0.0108181	0.0616147	-0.083796
11.9064	0.121977	0.332651	0.106398	0.00697413	0.0239362	-0.0800074
12.1739	0.0980514	0.298845	0.093503	0.0043691	-0.00347678	-0.0660076
12.4415	0.0765937	0.264634	0.0810088	0.00265985	-0.0198911	-0.0475836
12.709	0.0581428	0.230988	0.0691918	0.00157357	-0.0267265	-0.0293133
12.9766	0.0428907	0.198736	0.058263	0.000904649	-0.0265637	-0.0141075
13.2441	0.0307464	0.168544	0.0483668	0.000505403	-0.0222456	-0.00324568
13.5117	0.0214185	0.140896	0.0395839	0.000274384	-0.0162395	0.0032656
13.7793	0.0144993	0.116101	0.0319378	0.000144759	-0.0103086	0.00620409
14.0468	0.00953831	0.0943023	0.0254043	7.42154e-05	-0.00545508	0.00666764
14.3144	0.00609759	0.0755031	0.0199217	3.69749e-05	-0.00204149	0.00572776
14.5819	0.003788	0.0595885	0.0154015	1.79013e-05	3.97842e-06	0.00423099
14.8495	0.00228678	0.0463572	0.0117386	8.42221e-06	0.00097947	0.00273182
15.1171	0.00134154	0.0355491	0.00882029	3.85062e-06	0.00124542	0.00151643
15.3846	0.000764797	0.026872	0.00653382	1.7108e-06	0.00112194	0.000672351
15.6522	0.000423694	0.0200231	0.00477164	7.38641e-07	0.000842893	0.000167849
15.9197	0.000228099	0.014707	0.00343546	3.09906e-07	0.000550708	-8.14073e-05
16.1873	0.000119332	0.0106483	0.00243847	1.26355e-07	0.000313624	-0.000167317
16.4548	6.06676e-05	0.00759974	0.00170634	5.0063e-08	0.000150438	-0.000165624
16.7224	2.99723e-05	0.00534664	0.00117714	1.92755e-08	5.33057e-05	-0.000128195
16.99	1.43895e-05	0.00370791	0.000800589	7.21205e-09	4.30746e-06	-8.48145e-05
17.2575	6.71331e-06	0.00253479	0.000536791	2.62226e-09	-1.47696e-05	-4.90318e-05
17.5251	3.04363e-06	0.00170814	0.000354826	9.26524e-10	-1.80778e-05	-2.44891e-05
17.7926	1.34094e-06	0.00113467	0.000231229	3.18128e-10	-1.48052e-05	-9.94659e-06
18.0602	5.74107e-07	0.000742993	0.000148554	1.06148e-10	-9.98697e-06	-2.53145e-06
18.3278	2.38858e-07	0.000479588	9.40893e-05	3.44178e-11	-5.84017e-06	5.56944e-07
18.5953	9.65716e-08	0.000305156	5.87505e-05	1.08448e-11	-2.98171e-06	1.39791e-06
18.8629	3.79423e-08	0.000191401	3.61658e-05	3.32063e-12	-1.29326e-06	1.28379e-06
19.1304	1.44865e-08	0.000118342	2.19482e-05	9.88066e-13	-4.28554e-07	8.96887e-07
19.398	5.37483e-09	7.21276e-05	1.31315e-05	2.85703e-13	-5.46526e-08	5.3171e-07
19.6656	1.9379e-09	4.33348e-05	7.74538e-06	8.028e-14	6.75967e-08	2.75156e-07
19.9331	6.78986e-10	2.56652e-05	4.50387e-06	2.19212e-14	8.16612e-08	1.23501e-07
20.2007	2.31183e-10	1.49839e-05	2.58192e-06	5.8168e-15	6.10257e-08	4.57457e-08
20.4682	7.64915e-11	8.62336e-06	1.4592e-06	1.49992e-15	3.69999e-08	1.14426e-08
20.7358	2.45944e-11	4.89217e-06	8.13016e-07	3.75852e-16	1.93687e-08	-8.40996e-10
21.0033	7.68461e-12	2.7359e-06	4.46578e-07	9.15229e-17	8.86028e-09	-3.6081e-09
21.2709	2.33331e-12	1.50825e-06	2.41829e-07	2.16574e-17	3.46773e-09	-3.10358e-09
21.5385	6.88471e-13	8.19636e-07	1.29102e-07	4.9802e-18	1.06487e-09	-1.96118e-09
21.806	1.97408e-13	4.39079e-07	6.79469e-08	1.11289e-18	1.61933e-10	-1.04243e-09
22.0736	5.50055e-14	2.31868e-07	3.52549e-08	2.41668e-19	-9.24627e-11	-4.82824e-10
22.3411	1.4894e-14	1.20701e-07	1.80335e-08	5.09979e-20	-1.14657e-10	-1.94555e-10
22.6087	3.91906e-15	6.19383e-08	9.094e-09	1.0458e-20	-7.85486e-11	-6.54836e-11
22.8763	1.00211e-15	3.13316e-08	4.52107e-09	2.08405e-21	-4.28584e-11	-1.57229e-11
23.1438	2.49008e-16	1.56236e-08	2.21585e-09	4.03583e-22	-2.00887e-11	-1.66545e-13
23.4114	6.01278e-17	7.67994e-09	1.07065e-09	7.59488e-23	-8.23031e-12	2.86545e-12
23.6789	1.41092e-17	3.72143e-09	5.10001e-10	1.38891e-23	-2.90171e-12	2.33862e-12
23.9465	3.21729e-18	1.77762e-09	2.39499e-10	2.46825e-24	-8.19993e-13	1.3401e-12
24.214	7.12926e-19	8.37038e-10	1.10878e-10	4.26255e-25	-1.33413e-13	6.39106e-13
24.4816	1.53519e-19	3.88533e-10	5.06059e-11	7.15341e-26	3.66676e-14	2.64933e-13
24.7492	3.2125e-20	1.77782e-10	2.27702e-11	1.1666e-26	4.99581e-14	9.5761e-14
25.0167	6.53265e-21	8.01912e-11	1.01005e-11	1.84881e-27	3.15599e-14	2.92025e-14
25.2843	1.29092e-21	3.56568e-11	4.41701e-12	2.84727e-28	1.55201e-14	6.6222e-15
25.5518	2.47898e-22	1.56292e-11	1.90425e-12	4.26117e-29	6.51603e-15	3.9126e-16
25.8194	4.62605e-23	6.75318e-12	8.0934e-13	6.19717e-30	2.39014e-15	-6.95972e-16
26.087	8.38902e-24	2.87646e-12	3.39115e-13	8.75832e-31	7.5803e-16	-5.48837e-16
26.3545	1.47835e-24	1.20778e-12	1.40079e-13	1.20285e-31	1.96059e-16	-2.86088e-16
26.6221	2.53167e-25	4.99913e-13	5.70437e-14	1.60535e-32	3.22637e-17	-1.22526e-16
26.8896	4.21308e-26	2.03976e-13	2.29009e-14	2.08204e-33	-3.91229e-18	-4.54613e-17
27.1572	6.81329e-27	8.20435e-14	9.06369e-15	2.62405e-34	-6.74062e-18	-1.47299e-17
27.4247	1.07073e-27	3.25303e-14	3.53645e-15	3.21381e-35	-3.95655e-18	-4.06002e-18
27.6923	1.63517e-28	1.27148e-14	1.36031e-15	3.825e-36	-1.7568e-18	-8.59449e-19
27.9599	2.42668e-29	4.89905e-15	5.15842e-16	4.42392e-37	-6.60983e-19	-7.41119e-20
28.2274	3.49966e-30	1.86077e-15	1.92843e-16	4.97218e-38	-2.17027e-19	5.11969e-20
28.495	4.9046e-31	6.96713e-16	7.10722e-17	5.43063e-39	-6.18429e-20	4.0076e-20
28.7625	6.67951e-32	2.57154e-16	2.58228e-17	5.76392e-40	-1.45768e-20	1.90764e-20
29.0301	8.83994e-33	9.35649e-17	9.24942e-18	5.94496e-41	-2.34595e-21	7.3448e-21
29.2977	1.13689e-33	3.35592e-17	3.26613e-18	5.9586e-42	8.33754e-23	2.4396e-21
29.5652	1.42086e-34	1.18656e-17	1.137e-18	5.80369e-43	2.80795e-22	7.08183e-22
29.8328	1.72563e-35	4.13571e-18	3.90205e-19	5.49322e-44	1.54687e-22	1.7608e-22
30.1003	2.03662e-36	1.42098e-18	1.32018e-19	5.0526e-45	6.21515e-23	3.44933e-23
30.3679	2.33579e-37	4.8129e-19	4.40332e-20	4.51613e-46	2.09683e-23	3.45577e-24
30.6355	2.60329e-38	1.60696e-19	1.44789e-20	3.92267e-47	6.16195e-24	-1.12118e-24
30.903	2.81953e-39	5.28914e-20	4.69348e-21	3.31101e-48	1.5761e-24	-9.09347e-25
31.1706	2.96752e-40	1.71611e-20	1.4999e-21	2.71584e-49	3.37384e-25	-3.97185e-25
31.4381	3.03511e-41	5.48888e-21	4.72536e-22	2.16477e-50	5.19468e-26	-1.37656e-25
31.7057	3.01661e-42	1.73063e-21	1.46762e-22	1.6768e-51	7.17424e-28	-4.09425e-26
31.9732	2.91358e-43	5.37902e-22	4.49364e-23	1.26217e-52	-3.59585e-27	-1.06436e-26
32.2408	2.73464e-44	1.6481e-22	1.3564e-23	9.23243e-54	-1.88478e-27	-2.38328e-27
32.5084	2.49423e-45	4.97789e-23	4.03632e-24	6.56265e-55	-6.87073e-28	-4.2918e-28
32.7759	2.21074e-46	1.48213e-23	1.1841e-24	4.53321e-56	-2.0801e-28	-4.54296e-29
33.0435	1.90415e-47	4.3502e-24	3.42447e-25	3.04297e-57	-5.47097e-29	7.05797e-30
33.311	1.59379e-48	1.25867e-24	9.76349e-26	1.98496e-58	-1.25508e-29	6.40102e-30
33.5786	1.29635e-49	3.59002e-25	2.74424e-26	1.25826e-59	-2.43305e-30	2.58125e-30
33.8462	1.02466e-50	1.00939e-25	7.60402e-27	7.75093e-61	-3.52973e-31	8.06538e-31
34.1137	7.87046e-52	2.79773e-26	2.07716e-27	4.63982e-62	-1.48949e-32	2.14887e-31
34.3813	5.87468e-53	7.64421e-27	5.59371e-28	2.69905e-63	1.40635e-32	5.00127e-32
34.6488	4.26121e-54	2.05892e-27	1.48503e-28	1.52576e-64	7.1513e-33	1.00715e-32
34.9164	3.00362e-55	5.46673e-28	3.88663e-29	8.38156e-66	2.37291e-33	1.65858e-33
35.1839	2.05741e-56	1.43086e-28	1.0028e-29	4.47433e-67	6.45254e-34	1.76294e-34
35.4515	1.3695e-57	3.69187e-29	2.55072e-30	2.3211e-68	1.51905e-34	-1.16611e-35
35.7191	8.85862e-59	9.39026e-30	6.39607e-31	1.17011e-69	3.12347e-35	-1.39463e-35
35.9866	5.56845e-60	2.35445e-30	1.58113e-31	5.73218e-71	5.47077e-36	-5.23378e-36
36.2542	3.40147e-61	5.81947e-31	3.85322e-32	2.72884e-72	7.39594e-37	-1.47711e-36
36.5217	2.01912e-62	1.41794e-31	9.25731e-33	1.26241e-73	4.28475e-38	-3.52711e-37
36.7893	1.16472e-63	3.40575e-32	2.19254e-33	5.67528e-75	-1.66192e-38	-7.34784e-38
37.0569	6.529e-65	8.06399e-33	5.11935e-34	2.47935e-76	-8.44072e-39	-1.32924e-38
37.3244	3.5566e-66	1.88221e-33	1.17838e-34	1.05257e-77	-2.55959e-39	-1.99355e-39
37.592	1.88272e-67	4.33079e-34	2.67397e-35	4.34241e-79	-6.2585e-40	-2.06283e-40
37.8595	9.68507e-69	9.82308e-35	5.98179e-36	1.7409e-80	-1.31902e-40	3.28925e-42
38.1271	4.84153e-70	2.19639e-35	1.31919e-36	6.78233e-82	-2.42969e-41	9.37514e-42
38.3946	2.35194e-71	4.84119e-36	2.86805e-37	2.56773e-83	-3.83761e-42	3.30908e-42
38.6622	1.11028e-72	1.05191e-36	6.14708e-38	9.44678e-85	-4.79474e-43	8.45448e-43
38.9298	5.09338e-74	2.25311e-37	1.29883e-38	3.3774e-86	-3.15575e-44	1.81047e-43
39.1973	2.27061e-75	4.7574e-38	2.70544e-39	1.17339e-87	5.8207e-45	3.37567e-44
39.4649	9.83653e-77	9.90236e-39	5.55552e-40	3.9616e-89	3.09501e-45	5.48059e-45
39.7324	4.141e-78	2.03184e-39	1.12464e-40	1.29975e-90	8.62053e-46	7.46067e-46
40	1.69408e-79	4.10979e-40	2.24442e-41	4.14395e-92	1.89786e-46	7.36271e-47
