-40	1.36185e-167	2.20419e-84	2.95974e-84	2.84873e-158	1.32023e-79	1.05154e-79
-39.7324	5.93932e-167	4.68697e-84	6.11764e-84	2.65575e-156	1.61022e-78	2.50908e-79
-39.4649	1.42102e-166	7.5533e-84	9.22223e-84	2.40596e-154	1.4498e-77	-5.51402e-78
-39.1973	2.24266e-166	1.02989e-83	1.08719e-83	2.11812e-152	9.25666e-77	-1.12306e-76
-38.9298	1.96086e-166	1.13237e-83	8.23776e-84	1.81209e-150	2.29507e-76	-1.32643e-75
-38.6622	6.77932e-167	8.16428e-84	-1.06662e-84	1.50651e-148	-4.17049e-75	-1.15437e-74
-38.3946	1.80747e-166	-2.25079e-85	-1.34423e-83	1.2171e-146	-8.39444e-74	-7.15846e-74
-38.1271	3.32328e-166	-9.80251e-84	-1.537e-83	9.55535e-145	-9.60276e-73	-1.82769e-73
-37.8595	1.63314e-166	-1.24669e-83	2.80889e-84	7.29004e-143	-8.07765e-72	2.76622e-72
-37.592	3.61598e-166	-5.87315e-84	1.8086e-83	5.40478e-141	-4.86332e-71	5.51325e-71
-37.3244	1.54856e-167	3.32669e-84	-2.10207e-84	3.89394e-139	-1.26925e-70	6.1097e-70
-37.0569	3.30994e-166	1.01222e-83	-1.51174e-83	2.72625e-137	1.60865e-69	4.96736e-69
-36.7893	2.69822e-166	1.2016e-84	1.63823e-83	1.85483e-135	3.18159e-68	2.90272e-68
-36.5217	2.50518e-166	-1.51533e-83	-4.57123e-84	1.22633e-133	3.41629e-67	7.69618e-68
-36.2542	2.92015e-166	1.58618e-83	-6.3577e-84	7.87908e-132	2.68454e-66	-8.19952e-67
-35.9866	2.86613e-166	-9.19309e-84	1.42162e-83	4.91934e-130	1.52211e-65	-1.61323e-65
-35.7191	3.95541e-166	2.66182e-84	-1.97093e-83	2.98471e-128	4.0786e-65	-1.6788e-64
-35.4515	4.31683e-166	3.22499e-84	2.05252e-83	1.75979e-126	-3.66204e-64	-1.27502e-63
-35.1839	4.72965e-166	-8.73932e-84	-1.99146e-83	1.00829e-124	-7.18713e-63	-7.01243e-63
-34.9164	1.01175e-165	8.02524e-84	3.0779e-83	5.614e-123	-7.25022e-62	-1.89057e-62
-34.6488	4.17635e-165	1.49536e-83	-6.28708e-83	3.03755e-121	-5.32198e-61	1.4325e-61
-34.3813	1.33798e-164	-8.15463e-83	8.20366e-83	1.59712e-119	-2.83843e-60	2.81329e-60
-34.1137	1.52946e-164	1.11628e-82	5.3234e-83	8.16053e-118	-7.67e-60	2.75177e-59
-33.8462	6.14096e-163	5.59873e-82	-5.48305e-82	4.05192e-116	4.90565e-59	1.95225e-58
-33.5786	2.35098e-161	-4.43128e-81	1.96814e-81	1.9551e-114	9.67531e-58	1.00945e-57
-33.311	4.914e-160	2.02122e-80	-9.10316e-81	9.16726e-113	9.17866e-57	2.72485e-57
-33.0435	1.01911e-158	-9.74016e-80	2.65335e-80	4.1771e-111	6.29368e-56	-1.46987e-56
-32.7759	3.80433e-157	6.15938e-79	3.2449e-80	1.84958e-109	3.15422e-55	-2.92347e-55
-32.5084	2.67324e-155	-5.14218e-78	5.38928e-79	7.9586e-108	8.48047e-55	-2.69062e-54
-32.2408	1.82392e-153	3.77526e-77	-1.99665e-77	3.32785e-106	-3.85069e-54	-1.78314e-53
-31.9732	1.05906e-151	-9.88266e-77	3.10063e-76	1.35224e-104	-7.76082e-53	-8.6599e-53
-31.7057	4.0969e-150	-4.23955e-76	-1.97918e-75	5.33961e-103	-6.93151e-52	-2.31305e-52
-31.4381	8.46424e-149	-7.5848e-76	9.16881e-75	2.04894e-101	-4.43991e-51	8.81236e-52
-31.1706	7.2203e-147	8.30596e-74	-1.79278e-74	7.64031e-100	-2.08906e-50	1.81001e-50
-30.903	3.62999e-145	-5.41391e-73	-2.64377e-73	2.76859e-98	-5.53058e-50	1.5693e-49
-30.6355	1.14141e-144	-5.06612e-73	9.40613e-73	9.74919e-97	1.75978e-49	9.71572e-49
-30.3679	5.70172e-142	2.30115e-71	-6.37505e-72	3.33613e-95	3.70857e-48	4.42808e-48
-30.1003	3.01166e-140	2.23089e-71	1.72101e-70	1.10938e-93	3.12239e-47	1.15955e-47
-29.8328	1.23149e-138	-9.88718e-70	5.03911e-70	3.58496e-92	1.86848e-46	-3.06202e-47
-29.5652	2.16646e-136	1.84294e-69	-1.46031e-68	1.12577e-90	8.24724e-46	-6.67536e-46
-29.2977	1.65711e-134	-1.01435e-67	7.92599e-68	3.43544e-89	2.13226e-45	-5.45966e-45
-29.0301	4.05254e-133	4.90677e-67	-4.05573e-67	1.01877e-87	-4.63353e-45	-3.15801e-44
-28.7625	3.90306e-131	-5.95319e-66	-1.89477e-66	2.93586e-86	-1.05554e-43	-1.3497e-43
-28.495	2.37583e-129	4.34824e-65	-2.20252e-65	8.22162e-85	-8.38961e-43	-3.43959e-43
-28.2274	4.46963e-128	-1.97393e-64	-7.57133e-65	2.2374e-83	-4.69086e-42	6.08183e-43
-27.9599	2.48242e-126	-6.58349e-64	1.43143e-63	5.9169e-82	-1.94093e-41	1.46618e-41
-27.6923	4.18126e-124	-2.03004e-62	-2.45385e-63	1.52058e-80	-4.86814e-41	1.13296e-40
-27.4247	2.0204e-122	1.35462e-61	-4.30589e-62	3.79741e-79	6.8986e-41	6.12358e-40
-27.1572	6.5545e-121	-7.87729e-61	-1.86906e-61	9.21573e-78	1.78898e-39	2.45261e-39
-26.8896	2.09042e-119	-5.66921e-62	4.57176e-60	2.17338e-76	1.34455e-38	6.0461e-39
-26.6221	8.09388e-118	2.45248e-59	1.44195e-59	4.98088e-75	7.02542e-38	-6.72502e-39
-26.3545	4.20918e-116	1.99875e-58	4.62801e-59	1.10928e-73	2.72331e-37	-1.91739e-37
-26.087	2.58282e-114	1.2373e-57	1.02563e-57	2.4007e-72	6.59023e-37	-1.40228e-36
-25.8194	1.5261e-112	-3.34934e-57	1.18908e-56	5.04895e-71	-5.58513e-37	-7.08361e-36
-25.5518	8.02618e-111	-8.16383e-56	-3.68968e-56	1.03187e-69	-1.80503e-35	-2.65718e-35
-25.2843	3.76669e-109	5.30169e-55	-3.09175e-55	2.04935e-68	-1.28523e-34	-6.30507e-35
-25.0167	1.61503e-107	-1.87927e-54	3.55227e-54	3.95522e-67	-6.277e-34	3.89251e-35
-24.7492	6.47434e-106	6.85449e-54	-2.45041e-53	7.41804e-66	-2.27827e-33	1.49248e-33
-24.4816	2.46993e-104	-5.52946e-53	1.47112e-52	1.35198e-64	-5.29527e-33	1.03517e-32
-24.214	9.0775e-103	6.23315e-52	-7.20575e-52	2.39451e-63	2.21021e-33	4.88838e-32
-23.9465	3.23946e-101	-5.4924e-51	1.49268e-51	4.12123e-62	1.08385e-31	1.71654e-31
-23.6789	1.12785e-99	2.87793e-50	1.7309e-50	6.89288e-61	7.32705e-31	3.90424e-31
-23.4114	3.8405e-98	-5.66386e-51	-1.9589e-49	1.12031e-59	3.34575e-30	-9.5154e-32
-23.1438	1.28035e-96	-1.03123e-48	4.6574e-49	1.76946e-58	1.1365e-29	-6.91251e-30
-22.8763	4.17946e-95	3.96834e-48	5.10361e-48	2.71585e-57	2.52738e-29	-4.55751e-29
-22.6087	1.3353e-93	2.66449e-47	-2.5007e-47	4.05075e-56	-2.3512e-30	-2.01251e-28
-22.3411	4.17256e-92	-1.34047e-46	-1.54134e-46	5.87124e-55	-3.8716e-28	-6.61234e-28
-22.0736	1.27422e-90	-9.56922e-46	5.98765e-46	8.26965e-54	-2.49117e-27	-1.43657e-27
-21.806	3.79971e-89	1.7882e-45	5.89911e-45	1.1319e-52	-1.0639e-26	-5.39162e-29
-21.5385	1.10559e-87	3.31715e-44	2.28972e-45	1.50555e-51	-3.38077e-26	1.90417e-26
-21.2709	3.1368e-86	8.82976e-44	-1.5353e-43	1.94601e-50	-7.17017e-26	1.19662e-25
-21.0033	8.67296e-85	-4.57843e-43	-8.10972e-43	2.44432e-49	-1.07859e-26	4.94283e-25
-20.7358	2.33573e-83	-4.81077e-42	-4.6232e-43	2.98356e-48	8.22341e-25	1.51899e-24
-20.4682	6.12448e-82	-1.7299e-41	1.76973e-41	3.53897e-47	5.05102e-24	3.14275e-24
-20.2007	1.56299e-80	6.98439e-42	1.24824e-40	4.07927e-46	2.01822e-23	7.78774e-25
-19.9331	3.88116e-79	4.59031e-40	4.21196e-40	4.56932e-45	5.99752e-23	-3.11816e-23
-19.6656	9.37519e-78	3.0611e-39	6.953e-41	4.97376e-44	1.20974e-22	-1.87358e-22
-19.398	2.20257e-76	1.18275e-38	-8.96479e-39	5.26117e-43	4.01041e-23	-7.2423e-22
-19.1304	5.03204e-75	2.06578e-38	-6.78623e-38	5.40808e-42	-1.03803e-21	-2.081e-21
-18.8629	1.1178e-73	-9.5666e-38	-3.20357e-37	5.40218e-41	-6.10703e-21	-4.08974e-21
-18.5953	2.41408e-72	-1.15495e-36	-1.03931e-36	5.24394e-40	-2.28402e-20	-1.64891e-21
-18.3278	5.06832e-71	-6.94792e-36	-1.55228e-36	4.94665e-39	-6.34541e-20	3.03352e-20
-18.0602	1.03437e-69	-3.10734e-35	8.29522e-36	4.53449e-38	-1.21435e-19	1.74924e-19
-17.7926	2.05191e-68	-1.08471e-34	9.35579e-35	4.03933e-37	-5.63751e-20	6.33052e-19
-17.5251	3.95635e-67	-2.65559e-34	5.70187e-34	3.49667e-36	7.78157e-19	1.70034e-18
-17.2575	7.4143e-66	-1.04132e-34	2.72093e-33	2.94146e-35	4.40277e-18	3.16706e-18
-16.99	1.35042e-64	3.82723e-33	1.09725e-32	2.40457e-34	1.54203e-17	1.63398e-18
-16.7224	2.39048e-63	3.10242e-32	3.77885e-32	1.91018e-33	4.00405e-17	-1.75195e-17
-16.4548	4.11248e-62	1.72665e-31	1.06357e-31	1.4746e-32	7.25519e-17	-9.73768e-17
-16.1873	6.87578e-61	8.05465e-31	1.96987e-31	1.10622e-31	4.05817e-17	-3.30113e-16
-15.9197	1.1172e-59	3.33748e-30	-1.82443e-31	8.06433e-31	-3.46141e-16	-8.28625e-16
-15.6522	1.76413e-58	1.25545e-29	-4.33564e-30	5.71296e-30	-1.89249e-15	-1.45995e-15
-15.3846	2.70715e-57	4.30891e-29	-2.91631e-29	3.93295e-29	-6.21077e-15	-8.69339e-16
-15.1171	4.03715e-56	1.33655e-28	-1.50027e-28	2.63111e-28	-1.50699e-14	6.00071e-15
-14.8495	5.8508e-55	3.62119e-28	-6.73758e-28	1.7105e-27	-2.5807e-14	3.23187e-14
-14.5819	8.24007e-54	7.68924e-28	-2.76565e-27	1.08062e-26	-1.61324e-14	1.02693e-13
-14.3144	1.12777e-52	6.47146e-28	-1.05999e-26	6.63415e-26	9.12639e-14	2.40858e-13
-14.0468	1.49997e-51	-5.33484e-27	-3.83602e-26	3.95787e-25	4.84969e-13	4.0074e-13
-13.7793	1.93871e-50	-4.47239e-26	-1.31859e-25	2.29458e-24	1.49229e-12	2.6011e-13
-13.5117	2.43509e-49	-2.39224e-25	-4.31603e-25	1.29273e-23	3.38305e-12	-1.21748e-12
-13.2441	2.97225e-48	-1.07884e-24	-1.34475e-24	7.07743e-23	5.46669e-12	-6.3945e-12
-12.9766	3.52553e-47	-4.41176e-24	-3.97388e-24	3.76537e-22	3.65176e-12	-1.90579e-11
-12.709	4.06378e-46	-1.68641e-23	-1.10444e-23	1.94672e-21	-1.42429e-11	-4.17596e-11
-12.4415	4.55201e-45	-6.12145e-23	-2.83689e-23	9.78059e-21	-7.40842e-11	-6.55143e-11
-12.1739	4.95499e-44	-2.12967e-22	-6.47684e-23	4.77518e-20	-2.13898e-10	-4.47127e-11
-11.9064	5.24141e-43	-7.14356e-22	-1.17632e-22	2.26557e-19	-4.53009e-10	1.46084e-10
-11.6388	5.3879e-42	-2.31955e-21	-8.6993e-23	1.04455e-18	-6.89775e-10	7.54164e-10
-11.3712	5.38216e-41	-7.3115e-21	6.02935e-22	4.68001e-18	-4.78055e-10	2.10985e-09
-11.1037	5.22467e-40	-2.2418e-20	4.46099e-21	2.03764e-17	1.31325e-09	4.31877e-09
-10.8361	4.92862e-39	-6.69583e-20	2.11e-20	8.62127e-17	6.74558e-09	6.38042e-09
-10.5686	4.51812e-38	-1.95017e-19	8.45545e-20	3.5447e-16	1.82897e-08	4.46745e-09
-10.301	4.02489e-37	-5.54238e-19	3.08722e-19	1.41629e-15	3.61841e-08	-1.0344e-08
-10.0334	3.4843e-36	-1.53759e-18	1.05836e-18	5.49905e-15	5.18526e-08	-5.30128e-08
-9.76589	2.93118e-35	-4.16434e-18	3.45978e-18	2.07485e-14	3.65183e-08	-1.39338e-07
-9.49833	2.39625e-34	-1.10087e-17	1.08827e-17	7.60767e-14	-7.13597e-08	-2.66429e-07
-9.23077	1.90365e-33	-2.83923e-17	3.3129e-17	2.71069e-13	-3.6605e-07	-3.70238e-07
-8.96321	1.46963e-32	-7.13773e-17	9.79875e-17	9.38581e-13	-9.32907e-07	-2.61276e-07
-8.69565	1.10253e-31	-1.74675e-16	2.82386e-16	3.15811e-12	-1.72406e-06	4.30954e-07
-8.42809	8.03783e-31	-4.15274e-16	7.94563e-16	1.03264e-11	-2.32267e-06	2.22071e-06
-8.16054	5.69444e-30	-9.56245e-16	2.18633e-15	3.28119e-11	-1.637e-06	5.48928e-06
-7.89298	3.92037e-29	-2.12298e-15	5.89039e-15	1.01316e-10	2.27703e-06	9.80467e-06
-7.62542	2.62281e-28	-4.51151e-15	1.5554e-14	3.04012e-10	1.18366e-05	1.28026e-05
-7.35786	1.70519e-27	-9.06471e-15	4.02867e-14	8.86476e-10	2.83855e-05	8.98546e-06
-7.0903	1.07731e-26	-1.68261e-14	1.02421e-13	2.51193e-09	4.90029e-05	-1.05186e-05
-6.82274	6.61414e-26	-2.73931e-14	2.55717e-13	6.91689e-09	6.20045e-05	-5.54286e-05
-6.55518	3.94612e-25	-3.31923e-14	6.27304e-13	1.85088e-08	4.32245e-05	-0.000128998
-6.28763	2.28787e-24	-1.75838e-15	1.51257e-12	4.81294e-08	-4.24435e-05	-0.000215239
-6.02007	1.28901e-23	1.74021e-13	3.58606e-12	1.2162e-07	-0.000228037	-0.000263855
-5.75251	7.05741e-23	8.0682e-13	8.36201e-12	2.98652e-07	-0.000515194	-0.000182284
-5.48495	3.7549e-22	2.74291e-12	1.91825e-11	7.12671e-07	-0.000830868	0.000149429
-5.21739	1.9414e-21	8.15228e-12	4.33006e-11	1.65263e-06	-0.000986579	0.000824193
-4.94983	9.75431e-21	2.23685e-11	9.61975e-11	3.72416e-06	-0.000674077	0.00180825
-4.68227	4.76257e-20	5.8047e-11	2.10372e-10	8.15537e-06	0.00045834	0.00281874
-4.41472	2.2597e-19	1.4431e-10	4.52929e-10	1.73549e-05	0.00261694	0.00324138
-4.14716	1.04189e-18	3.46355e-10	9.60173e-10	3.58894e-05	0.00557759	0.00218629
-3.8796	4.66832e-18	8.0651e-10	2.00446e-09	7.2123e-05	0.00840408	-0.00122243
-3.61204	2.03265e-17	1.82824e-09	4.12117e-09	0.000140846	0.0093576	-0.00729942
-3.34448	8.60056e-17	4.04431e-09	8.34561e-09	0.000267289	0.00622055	-0.0151193
-3.07692	3.53636e-16	8.74625e-09	1.66475e-08	0.000492924	-0.00282734	-0.0220211
-2.80936	1.41302e-15	1.85165e-08	3.27133e-08	0.00088337	-0.0178854	-0.0237378
-2.54181	5.48663e-15	3.84163e-08	6.33311e-08	0.0015384	-0.0360174	-0.015529
-2.27425	2.07027e-14	7.81735e-08	1.20796e-07	0.00260352	-0.050711	0.00564925
-2.00669	7.59123e-14	1.56131e-07	2.27014e-07	0.0042817	-0.0529131	0.0384954
-1.73913	2.70496e-13	3.06227e-07	4.20382e-07	0.00684282	-0.0340189	0.0754025
-1.47157	9.36642e-13	5.90102e-07	7.67087e-07	0.0106272	0.00969587	0.102631
-1.20401	3.15174e-12	1.11766e-06	1.37934e-06	0.0160386	0.072779	0.103643
-0.936455	1.0306e-11	2.08127e-06	2.44424e-06	0.0235221	0.138724	0.0654054
-0.668896	3.27489e-11	3.81166e-06	4.2685e-06	0.0335237	0.182546	-0.0141653
-0.401338	1.01127e-10	6.86699e-06	7.34649e-06	0.0464291	0.178389	-0.120857
-0.133779	3.03457e-10	1.21725e-05	1.24615e-05	0.0624875	0.110376	-0.224287
0.133779	8.84901e-10	2.12339e-05	2.08332e-05	0.081726	-0.0173401	-0.285351
0.401338	2.50758e-09	3.64576e-05	3.43282e-05	0.10387	-0.176274	-0.269811
0.668896	6.90526e-09	6.16193e-05	5.57523e-05	0.128288	-0.318672	-0.163511
0.936455	1.84786e-08	0.000102535	8.92483e-05	0.153973	-0.392015	0.0172373
1.20401	4.80531e-08	0.000167995	0.000140822	0.179584	-0.358603	0.225805
1.47157	1.21433e-07	0.000271042	0.00021902	0.203542	-0.212653	0.397895
1.73913	2.98207e-07	0.000430656	0.000335771	0.224184	0.0128736	0.473306
2.00669	7.11644e-07	0.000673929	0.000507409	0.239949	0.254032	0.418828
2.27425	1.65033e-06	0.00103876	0.000755844	0.249573	0.43659	0.242821
2.54181	3.71915e-06	0.00157713	0.00110987	0.252255	0.502223	-0.00524463
2.80936	8.1448e-06	0.0023588	0.0016065	0.247769	0.429862	-0.250974
3.07692	1.73333e-05	0.00347546	0.00229226	0.236492	0.243457	-0.420976
3.34448	3.58464e-05	0.00504487	0.00322422	0.219357	0.00295424	-0.468346
3.61204	7.20399e-05	0.00721481	0.00447063	0.19772	-0.217734	-0.387701
3.8796	0.000140691	0.0101661	0.00611079	0.173186	-0.356711	-0.214344
4.14716	0.000267006	0.0141141	0.00823406	0.147414	-0.383843	-0.00885219
4.41472	0.000492427	0.0193079	0.0109376	0.121935	-0.307285	0.165864
4.68227	0.000882523	0.0260266	0.0143227	0.0980129	-0.165721	0.265612
4.94983	0.001537	0.0345709	0.0184894	0.07656	-0.0110118	0.276476
5.21739	0.00260128	0.0452507	0.0235298	0.0581144	0.110937	0.214026
5.48495	0.00427821	0.0583677	0.02952	0.0428677	0.173799	0.112524
5.75251	0.00683758	0.0741929	0.0365103	0.0307284	0.175015	0.00990911
6.02007	0.0106196	0.0929401	0.0445162	0.021405	0.131002	-0.0651425
6.28763	0.0160278	0.114737	0.053509	0.0144895	0.0671028	-0.0999334
6.55518	0.0235075	0.139596	0.0634078	0.00953135	0.00715059	-0.0973664
6.82274	0.0335045	0.167384	0.0740742	0.00609285	-0.0335795	-0.0704647
7.0903	0.0464047	0.197805	0.0853101	0.00378487	-0.0504936	-0.0351463
7.35786	0.0624577	0.230382	0.0968599	0.00228478	-0.0476057	-0.00429893
7.62542	0.081691	0.264455	0.108418	0.0013403	-0.0333085	0.0151937
7.89298	0.103831	0.299195	0.119637	0.000764054	-0.016169	0.0224191
8.16054	0.128245	0.333626	0.130151	0.000423263	-0.00219324	0.0204561
8.42809	0.153929	0.366667	0.139586	0.000227856	0.00603366	0.0138366
8.69565	0.179542	0.397189	0.147588	0.000119199	0.00874688	0.00653386
8.96321	0.203504	0.424071	0.153842	6.0597e-05	0.00772506	0.000959388
9.23077	0.224153	0.446273	0.158094	2.99359e-05	0.0050512	-0.00210268
9.49833	0.239927	0.462898	0.160166	1.43714e-05	0.00231928	-0.00299872
9.76589	0.249563	0.473256	0.159972	6.70453e-06	0.000362113	-0.00256387
10.0334	0.252257	0.476912	0.157519	3.0395e-06	-0.000642953	-0.00162053
10.301	0.247782	0.47371	0.152911	1.33906e-06	-0.000903362	-0.000723184
10.5686	0.236517	0.46379	0.146339	5.73272e-07	-0.000747828	-0.000118429
10.8361	0.21939	0.447579	0.138071	2.38499e-07	-0.000456893	0.000172475
11.1037	0.197759	0.425753	0.128428	9.6422e-08	-0.000198093	0.000239125
11.3712	0.173229	0.399198	0.117771	3.78817e-08	-3.36588e-05	0.0001917
11.6388	0.147458	0.368946	0.106471	1.44626e-08	4.05819e-05	0.000113207
11.9064	0.121977	0.336113	0.0948956	5.36572e-09	5.56188e-05	4.76683e-05
12.1739	0.0980514	0.301826	0.083383	1.93452e-09	4.3187e-05	8.33079e-06
12.4415	0.0765937	0.267163	0.0722316	6.77771e-10	2.46507e-05	-8.37346e-06
12.709	0.0581428	0.233104	0.0616873	2.30758e-10	1.00772e-05	-1.1367e-05
12.9766	0.0428907	0.200482	0.0519376	7.63472e-11	1.79846e-06	-8.5506e-06
13.2441	0.0307464	0.169964	0.0431109	2.45468e-11	-1.51473e-06	-4.71724e-06
13.5117	0.0214185	0.142035	0.0352785	7.66937e-12	-2.04121e-06	-1.87159e-06
13.7793	0.0144993	0.117001	0.0284611	2.32857e-12	-1.48782e-06	-3.39054e-07
14.0468	0.00953831	0.0950047	0.0226366	6.8704e-13	-7.93324e-07	2.40159e-07
14.3144	0.00609759	0.076043	0.0177497	1.96988e-13	-3.05388e-07	3.22065e-07
14.5819	0.003788	0.0599977	0.013721	5.48858e-14	-5.58726e-08	2.27517e-07
14.8495	0.00228678	0.046663	0.0104568	1.48609e-14	3.33617e-08	1.17251e-07
15.1171	0.00134154	0.0357745	0.00785656	3.91015e-15	4.46484e-08	4.37798e-08
15.3846	0.000764797	0.0270357	0.00581945	9.99785e-16	3.05764e-08	8.05416e-09
15.6522	0.000423694	0.0201404	0.00424961	2.48418e-16	1.52297e-08	-4.05885e-09
15.9197	0.000228099	0.0147898	0.00305939	5.99825e-17	5.51423e-09	-5.43836e-09
16.1873	0.000119332	0.010706	0.00217138	1.40744e-17	1.01624e-09	-3.61132e-09
16.4548	6.06676e-05	0.00763932	0.00151934	3.20921e-18	-4.32271e-10	-1.73849e-09
16.7224	2.99723e-05	0.00537344	0.00104807	7.111e-19	-5.81996e-10	-6.1023e-10
16.99	1.43895e-05	0.00372579	0.000712764	1.53118e-19	-3.74845e-10	-1.12292e-10
17.2575	6.71331e-06	0.00254656	0.000477876	3.20397e-20	-1.74406e-10	4.02762e-11
17.5251	3.04363e-06	0.00171577	0.000315865	6.51498e-21	-5.93346e-11	5.4721e-11
17.7926	1.34094e-06	0.00113955	0.000205828	1.28736e-21	-1.08706e-11	3.41935e-11
18.0602	5.74107e-07	0.000746071	0.000132228	2.47203e-22	3.2807e-12	1.53766e-11
18.3278	2.38858e-07	0.000481502	8.3745e-05	4.61286e-23	4.52023e-12	5.06914e-12
18.5953	9.65716e-08	0.000306329	5.22889e-05	8.36472e-24	2.74118e-12	9.22296e-13
18.8629	3.79423e-08	0.00019211	3.21867e-05	1.47399e-24	1.19143e-12	-2.33407e-13
19.1304	1.44865e-08	0.000118764	1.95325e-05	2.52409e-25	3.80521e-13	-3.28043e-13
19.398	5.37483e-09	7.23759e-05	1.16857e-05	4.20026e-26	6.85999e-14	-1.93123e-13
19.6656	1.9379e-09	4.34786e-05	6.89234e-06	6.79224e-27	-1.44874e-14	-8.11317e-14
19.9331	6.78986e-10	2.57473e-05	4.00768e-06	1.06737e-27	-2.09147e-14	-2.50986e-14
20.2007	2.31183e-10	1.50301e-05	2.29739e-06	1.62996e-28	-1.19573e-14	-4.47431e-15
20.4682	7.64915e-11	8.64904e-06	1.29834e-06	2.41883e-29	-4.85538e-15	7.8333e-16
20.7358	2.45944e-11	4.90623e-06	7.23368e-07	3.48817e-30	-1.45463e-15	1.17142e-15
21.0033	7.68461e-12	2.74349e-06	3.97322e-07	4.88826e-31	-2.55961e-16	6.50623e-16
21.2709	2.33331e-12	1.51229e-06	2.1515e-07	6.65694e-32	3.68219e-17	2.55369e-16
21.5385	6.88471e-13	8.21754e-07	1.14855e-07	8.80965e-33	5.76373e-17	7.40782e-17
21.806	1.97408e-13	4.40175e-07	6.04471e-08	1.13294e-33	3.11116e-17	1.28454e-17
22.0736	5.50055e-14	2.32426e-07	3.13627e-08	1.41586e-34	1.1804e-17	-1.50066e-18
22.3411	1.4894e-14	1.20982e-07	1.60422e-08	1.71947e-35	3.31491e-18	-2.4912e-18
22.6087	3.91906e-15	6.20775e-08	8.08958e-09	2.02925e-36	5.65619e-19	-1.30741e-18
22.8763	1.00211e-15	3.13996e-08	4.02162e-09	2.32723e-37	-5.28164e-20	-4.79513e-19
23.1438	2.49008e-16	1.56564e-08	1.97101e-09	2.59362e-38	-9.45831e-20	-1.30347e-19
23.4114	6.01278e-17	7.69551e-09	9.52333e-10	2.80892e-39	-4.8283e-20	-2.18557e-20
23.6789	1.41092e-17	3.72872e-09	4.53628e-10	2.9562e-40	-1.71194e-20	1.5959e-21
23.9465	3.21729e-18	1.78099e-09	2.13022e-10	3.02339e-41	-4.50381e-21	3.1543e-21
24.214	7.12926e-19	8.3857e-10	9.86184e-11	3.00482e-42	-7.41182e-22	1.56699e-21
24.4816	1.53519e-19	3.89221e-10	4.50095e-11	2.90206e-43	4.10115e-23	5.37144e-22
24.7492	3.2125e-20	1.78087e-10	2.02517e-11	2.72369e-44	9.23973e-23	1.36747e-22
25.0167	6.53265e-21	8.0324e-11	8.98315e-12	2.48412e-45	4.46919e-23	2.20626e-23
25.2843	1.29092e-21	3.5714e-11	3.92832e-12	2.20167e-46	1.48118e-23	-8.81646e-25
25.5518	2.47898e-22	1.56534e-11	1.69354e-12	1.89625e-47	3.64849e-24	-2.3772e-24
25.8194	4.62605e-23	6.76331e-12	7.19772e-13	1.5871e-48	5.76506e-25	-1.12015e-24
26.087	8.38903e-24	2.88064e-12	3.01581e-13	1.29085e-49	-1.53378e-26	-3.58956e-25
26.3545	1.47835e-24	1.20948e-12	1.24573e-13	1.02026e-50	-5.37155e-26	-8.5541e-26
26.6221	2.53167e-25	5.00593e-13	5.07284e-14	7.8363e-52	-2.46723e-26	-1.32253e-26
26.8896	4.21308e-26	2.04245e-13	2.03652e-14	5.8489e-53	-7.64524e-27	1.98459e-28
27.1572	6.81329e-27	8.21482e-14	8.06003e-15	4.2423e-54	-1.76239e-27	1.06596e-27
27.4247	1.07073e-27	3.25705e-14	3.1448e-15	2.99015e-55	-2.6638e-28	4.77553e-28
27.6923	1.63517e-28	1.273e-14	1.20964e-15	2.04809e-56	1.31696e-30	1.43105e-28
27.9599	2.42668e-29	4.90473e-15	4.58703e-16	1.36323e-57	1.85765e-29	3.19083e-29
28.2274	3.49966e-30	1.86286e-15	1.7148e-16	8.81761e-59	8.12293e-30	4.71107e-30
28.495	4.9046e-31	6.97471e-16	6.31981e-17	5.54241e-60	2.35416e-30	1.77688e-32
28.7625	6.67951e-32	2.57425e-16	2.29616e-17	3.3854e-61	5.07666e-31	-2.84279e-31
29.0301	8.83994e-33	9.36606e-17	8.2245e-18	2.00948e-62	7.31631e-32	-1.21417e-31
29.2977	1.13689e-33	3.35925e-17	2.90418e-18	1.15911e-63	8.27155e-34	-3.40356e-32
29.5652	1.42086e-34	1.1877e-17	1.01099e-18	6.49721e-65	-3.81991e-33	-7.09792e-33
29.8328	1.72563e-35	4.13956e-18	3.46956e-19	3.53911e-66	-1.59484e-33	-9.97802e-34
30.1003	2.03662e-36	1.42227e-18	1.17385e-19	1.87338e-67	-4.32461e-34	-1.77616e-35
30.3679	2.33579e-37	4.81712e-19	3.9152e-20	9.63652e-69	-8.72096e-35	4.50666e-35
30.6355	2.60329e-38	1.60833e-19	1.28737e-20	4.81703e-70	-1.19509e-35	1.84086e-35
30.903	2.81953e-39	5.2935e-20	4.17312e-21	2.33993e-71	-2.7943e-37	4.8292e-36
31.1706	2.96752e-40	1.71748e-20	1.3336e-21	1.10456e-72	4.66785e-37	9.41632e-37
31.4381	3.03511e-41	5.49314e-21	4.2014e-22	5.06687e-74	1.86721e-37	1.25714e-37
31.7057	3.01661e-42	1.73193e-21	1.30488e-22	2.25868e-75	4.73936e-38	3.53967e-39
31.9732	2.91358e-43	5.38295e-22	3.99532e-23	9.78439e-77	8.93479e-39	-4.24423e-39
32.2408	2.73464e-44	1.64927e-22	1.20598e-23	4.11885e-78	1.16149e-39	-1.66427e-39
32.5084	2.49423e-45	4.98132e-23	3.58866e-24	1.68493e-79	3.74241e-41	-4.0877e-40
32.7759	2.21074e-46	1.48312e-23	1.05276e-24	6.69813e-81	-3.38732e-41	-7.45033e-41
33.0435	1.90415e-47	4.35303e-24	3.04463e-25	2.58755e-82	-1.3035e-41	-9.42567e-42
33.311	1.59379e-48	1.25947e-24	8.68048e-26	9.71375e-84	-3.09851e-42	-3.36099e-43
33.5786	1.29635e-49	3.59221e-25	2.43982e-26	3.54364e-85	-5.45956e-43	2.37268e-43
33.8462	1.02466e-50	1.00999e-25	6.76047e-27	1.25625e-86	-6.7188e-44	8.97122e-44
34.1137	7.87046e-52	2.79935e-26	1.84672e-27	4.3278e-88	-2.5895e-45	2.06416e-44
34.3813	5.87468e-53	7.6485e-27	4.97311e-28	1.44884e-89	1.45845e-45	3.51587e-45
34.6488	4.26121e-54	2.06004e-27	1.32026e-28	4.71346e-91	5.4255e-46	4.20697e-46
34.9164	3.00362e-55	5.46963e-28	3.45539e-29	1.49012e-92	1.2085e-46	1.72213e-47
35.1839	2.05741e-56	1.4316e-28	8.91534e-30	4.57792e-94	1.98977e-47	-7.86598e-48
35.4515	1.3695e-57	3.69372e-29	2.26768e-30	1.36672e-95	2.31398e-48	-2.88317e-48
35.7191	8.85862e-59	9.39483e-30	5.68631e-31	3.96509e-97	9.92636e-50	-6.21817e-49
35.9866	5.56845e-60	2.35557e-30	1.40567e-31	1.11787e-98	-3.72177e-50	-9.89624e-50
36.2542	3.40147e-61	5.82214e-31	3.42561e-32	3.06263e-100	-1.34629e-50	-1.11809e-50
36.5217	2.01912e-62	1.41857e-31	8.22994e-33	8.1538e-102	-2.81185e-51	-4.97302e-52
36.7893	1.16472e-63	3.40723e-32	1.94921e-33	2.10955e-103	-4.3255e-52	1.54454e-52
37.0569	6.529e-65	8.0674e-33	4.55117e-34	5.30377e-105	-4.74609e-53	5.5238e-53
37.3244	3.5566e-66	1.88298e-33	1.04759e-34	1.29581e-106	-2.16997e-54	1.11746e-53
37.592	1.88272e-67	4.33252e-34	2.37718e-35	3.07656e-108	5.62092e-55	1.66151e-54
37.8595	9.68507e-69	9.8269e-35	5.31783e-36	7.09824e-110	1.99142e-55	1.76988e-55
38.1271	4.84153e-70	2.19722e-35	1.17276e-36	1.59148e-111	3.90289e-56	8.25957e-57
38.3946	2.35194e-71	4.84298e-36	2.54969e-37	3.46749e-113	5.60881e-57	-1.79335e-57
38.6622	1.11028e-72	1.05228e-36	5.46472e-38	7.34164e-115	5.79847e-58	-6.30826e-58
38.9298	5.09338e-74	2.2539e-37	1.15465e-38	1.51055e-116	2.74567e-59	-1.19798e-58
39.1973	2.27061e-75	4.75902e-38	2.40511e-39	3.02023e-118	-5.01472e-60	-1.66396e-59
39.4649	9.83653e-77	9.90562e-39	4.93878e-40	5.86828e-120	-1.75577e-60	-1.66899e-60
39.7324	4.141e-78	2.03249e-39	9.99787e-41	1.10801e-121	-3.23165e-61	-7.97863e-62
40	1.69408e-79	4.11108e-40	1.99525e-41	2.03302e-123	-4.3383e-62	1.22857e-62
